year,day_type,bus,rail_boardings,total_rides
2001,W,780827,501952,1282779
2001,W,824923,536432,1361355
2001,W,870021,550011,1420032
2001,W,890426,557917,1448343
2001,W,985221,590706,1575927
2001,W,978377,599905,1578282
2001,W,984884,602052,1586936
2001,W,995561,607503,1603064
2001,W,1018985,605252,1624237
2001,W,675845,412149,1087994
2001,W,1024367,622163,1646530
2001,W,1018690,620343,1639033
2001,W,1006996,618832,1625828
2001,W,909964,583851,1493815
2001,W,1005936,598777,1604713
2001,W,1019983,610352,1630335
2001,W,991661,606835,1598496
2001,W,1004257,609877,1614134
2001,W,965324,597039,1562363
2001,W,953532,587052,1540584
2001,W,982046,607858,1589904
2001,W,999392,610508,1609900
2001,W,1054608,615268,1669876
2001,W,966701,577767,1544468
2001,W,1045944,600588,1646532
2001,W,1039393,612435,1651828
2001,W,1015059,609022,1624081
2001,W,1007760,610237,1617997
2001,W,970826,593354,1564180
2001,W,872330,539393,1411723
2001,W,1050834,622753,1673587
2001,W,1004304,610966,1615270
2001,W,1028938,613323,1642261
2001,W,1033040,601418,1634458
2001,W,782447,457891,1240338
2001,W,1035400,610284,1645684
2001,W,986212,600133,1586345
2001,W,986399,606302,1592701
2001,W,1024235,602352,1626587
2001,W,1009329,609256,1618585
2001,W,1000630,609305,1609935
2001,W,990416,610013,1600429
2001,W,1051889,618440,1670329
2001,W,1062234,611578,1673812
2001,W,863086,549759,1412845
2001,W,1013530,603561,1617091
2001,W,1028462,616666,1645128
2001,W,1000946,611371,1612317
2001,W,1038368,606672,1645040
2001,W,979411,588857,1568268
2001,W,1017685,611347,1629032
2001,W,1025283,619417,1644700
2001,W,960667,596612,1557279
2001,W,923613,583359,1506972
2001,W,1021700,602469,1624169
2001,W,1034388,618340,1652728
2001,W,1029332,616764,1646096
2001,W,1030741,617815,1648556
2001,W,1030685,605605,1636290
2001,W,989316,583176,1572492
2001,W,1017904,600914,1618818
2001,W,1007699,601999,1609698
2001,W,1020098,605027,1625125
2001,W,978244,590403,1568647
2001,W,1023629,611098,1634727
2001,W,1057275,613993,1671268
2001,W,1047634,625348,1672982
2001,W,973118,606535,1579653
2001,W,1015046,611352,1626398
2001,W,998290,596418,1594708
2001,W,1024817,613311,1638128
2001,W,985906,606764,1592670
2001,W,991795,608691,1600486
2001,W,865706,527116,1392822
2001,W,859713,564614,1424327
2001,W,877834,583859,1461693
2001,W,907539,599600,1507139
2001,W,917518,596505,1514023
2001,W,922082,590659,1512741
2001,W,979788,590446,1570234
2001,W,1031150,618513,1649663
2001,W,977794,609447,1587241
2001,W,1028140,624617,1652757
2001,W,1034472,610723,1645195
2001,W,1008390,600424,1608814
2001,W,1067496,632996,1700492
2001,W,1034088,627894,1661982
2001,W,1065048,634792,1699840
2001,W,1046692,621087,1667779
2001,W,1007381,598338,1605719
2001,W,1044379,621604,1665983
2001,W,1041324,619928,1661252
2001,W,1018705,614067,1632772
2001,W,1004068,600295,1604363
2001,W,963027,581644,1544671
2001,W,1035512,633053,1668565
2001,W,995884,627978,1623862
2001,W,1006118,628882,1635000
2001,W,1027834,628829,1656663
2001,W,958236,590204,1548440
2001,W,1019568,637152,1656720
2001,W,978614,619656,1598270
2001,W,973423,615727,1589150
2001,W,988982,597892,1586874
2001,W,1003029,595375,1598404
2001,W,1002940,607442,1610382
2001,W,965359,602748,1568107
2001,W,1057056,611631,1668687
2001,W,1029447,599699,1629146
2001,W,935443,606051,1541494
2001,W,1004243,627572,1631815
2001,W,1004748,646177,1650925
2001,W,1012502,642049,1654551
2001,W,910186,586260,1496446
2001,W,946314,605737,1552051
2001,W,911372,599114,1510486
2001,W,891710,602538,1494248
2001,W,912712,612983,1525695
2001,W,909937,590688,1500625
2001,W,944122,613028,1557150
2001,W,939471,612707,1552178
2001,W,900375,596076,1496451
2001,W,957514,626565,1584079
2001,W,947130,621006,1568136
2001,W,944301,635326,1579627
2001,W,944274,634994,1579268
2001,W,942731,611002,1553733
2001,W,996694,666587,1663281
2001,W,958879,627767,1586646
2001,W,990209,827670,1817879
2001,W,918500,606574,1525074
2001,W,958011,643965,1601976
2001,W,935542,597633,1533175
2001,W,937066,610069,1547135
2001,W,960775,614294,1575069
2001,W,949551,636236,1585787
2001,W,957097,641244,1598341
2001,W,880246,623660,1503906
2001,W,920250,625940,1546190
2001,W,935427,612765,1548192
2001,W,949691,618451,1568142
2001,W,937942,610617,1548559
2001,W,854318,574685,1429003
2001,W,939133,630753,1569886
2001,W,874776,612547,1487323
2001,W,954848,636674,1591522
2001,W,933625,634484,1568109
2001,W,908372,586076,1494448
2001,W,884617,596502,1481119
2001,W,873553,612734,1486287
2001,W,790639,549367,1340006
2001,W,984483,603405,1587888
2001,W,907499,585919,1493418
2001,W,875431,610601,1486032
2001,W,854367,596163,1450530
2001,W,846305,602242,1448547
2001,W,946431,626136,1572567
2001,W,892382,571719,1464101
2001,W,866757,598019,1464776
2001,W,878793,584203,1462996
2001,W,800887,581402,1382289
2001,W,929083,598538,1527621
2001,W,876831,606101,1482932
2001,W,894995,608242,1503237
2001,W,864392,599157,1463549
2001,W,906026,612615,1518641
2001,W,926014,619276,1545290
2001,W,900370,590849,1491219
2001,W,933626,628532,1562158
2001,W,901782,625324,1527106
2001,W,913200,617044,1530244
2001,W,986749,616977,1603726
2001,W,1120482,625640,1746122
2001,W,1047878,644950,1692828
2001,W,1053246,644766,1698012
2001,W,1070339,659824,1730163
2001,W,1075781,661092,1736873
2001,W,957593,525953,1483546
2001,W,931165,588507,1519672
2001,W,1010171,607718,1617889
2001,W,1034666,613645,1648311
2001,W,919985,609381,1529366
2001,W,1039365,626518,1665883
2001,W,939442,625612,1565054
2001,W,973094,646112,1619206
2001,W,967583,626032,1593615
2001,W,940207,622061,1562268
2001,W,968563,638815,1607378
2001,W,1028542,639258,1667800
2001,W,1024125,642860,1666985
2001,W,1024142,645884,1670026
2001,W,1069361,639795,1709156
2001,W,1078342,658020,1736362
2001,W,1018388,657170,1675558
2001,W,902598,649681,1552279
2001,W,1034680,651273,1685953
2001,W,802729,531294,1334023
2001,W,1055377,645072,1700449
2001,W,898767,637568,1536335
2001,W,1025128,647937,1673065
2001,W,1000153,625089,1625242
2001,W,1037513,627937,1665450
2001,W,1022047,634396,1656443
2001,W,1036702,641266,1677968
2001,W,1017434,646140,1663574
2001,W,956423,642121,1598544
2001,W,1012782,621894,1634676
2001,W,1000304,638393,1638697
2001,W,867027,625218,1492245
2001,W,947047,618401,1565448
2001,W,981933,613047,1594980
2001,W,1019942,623086,1643028
2001,W,994503,629005,1623508
2001,W,978585,628587,1607172
2001,W,1029256,641642,1670898
2001,W,1042714,645966,1688680
2001,W,1057697,629864,1687561
2001,W,1044478,638448,1682926
2001,W,1033982,640396,1674378
2001,W,1004574,636400,1640974
2001,W,931849,620257,1552106
2001,W,812747,527242,1339989
2001,W,1026715,641101,1667816
2001,W,994462,624162,1618624
2001,W,983434,615519,1598953
2001,W,1046467,623566,1670033
2001,W,999890,600948,1600838
2001,W,1005581,612391,1617972
2001,W,988420,589664,1578084
2001,W,641780,356646,998426
2001,W,993754,600439,1594193
2001,W,985583,613858,1599441
2001,W,981842,614405,1596247
2001,W,972155,613392,1585547
2001,W,1039082,625037,1664119
2001,W,1051222,599106,1650328
2001,W,1049416,613294,1662710
2001,W,1039940,622264,1662204
2001,W,1020021,623428,1643449
2001,W,1023743,618300,1642043
2001,W,1005376,597416,1602792
2001,W,1010462,614387,1624849
2001,W,981259,609660,1590919
2001,W,990166,610845,1601011
2001,W,982986,600798,1583784
2001,W,995060,593314,1588374
2001,W,1014592,608735,1623327
2001,W,958790,591815,1550605
2001,W,987827,586572,1574399
2001,W,994499,569456,1563955
2001,W,525908,257022,782930
2001,W,619967,380064,1000031
2001,W,690465,436814,1127279
2001,W,739404,456879,1196283
2001,W,650794,321388,972182
2002,W,766853,491630,1258483
2002,W,838088,523292,1361380
2002,W,858709,528849,1387558
2002,W,953807,568929,1522736
2002,W,973200,585667,1558867
2002,W,985622,591671,1577293
2002,W,974188,591742,1565930
2002,W,1006535,591718,1598253
2002,W,985931,593642,1579573
2002,W,983090,601489,1584579
2002,W,955758,608009,1563767
2002,W,968715,598282,1566997
2002,W,967930,581331,1549261
2002,W,648994,392312,1041306
2002,W,1012565,603877,1616442
2002,W,990484,600427,1590911
2002,W,1007218,605974,1613192
2002,W,1028432,601352,1629784
2002,W,1009923,595606,1605529
2002,W,979719,597598,1577317
2002,W,936013,602737,1538750
2002,W,879895,602988,1482883
2002,W,954707,585087,1539794
2002,W,988315,576117,1564432
2002,W,997471,596800,1594271
2002,W,1011650,597747,1609397
2002,W,1011915,600731,1612646
2002,W,1027036,594502,1621538
2002,W,985014,592118,1577132
2002,W,811567,541814,1353381
2002,W,1019675,612626,1632301
2002,W,1014122,609706,1623828
2002,W,1007654,589737,1597391
2002,W,759013,458524,1217537
2002,W,985390,597374,1582764
2002,W,986615,601360,1587975
2002,W,977261,603816,1581077
2002,W,1016162,592329,1608491
2002,W,979843,581612,1561455
2002,W,933204,587918,1521122
2002,W,939542,587701,1527243
2002,W,941136,592045,1533181
2002,W,973482,593596,1567078
2002,W,726815,493625,1220440
2002,W,978944,588656,1567600
2002,W,1008215,593126,1601341
2002,W,1008102,594952,1603054
2002,W,993813,587766,1581579
2002,W,1008613,591093,1599706
2002,W,1021380,612457,1633837
2002,W,1022145,615718,1637863
2002,W,1010579,607626,1618205
2002,W,1005654,591415,1597069
2002,W,992913,579486,1572399
2002,W,990801,590290,1581091
2002,W,993245,591401,1584646
2002,W,930667,574802,1505469
2002,W,961386,564876,1526262
2002,W,895573,544841,1440414
2002,W,938869,571086,1509955
2002,W,989393,580724,1570117
2002,W,965734,571056,1536790
2002,W,755230,472276,1227506
2002,W,971162,566861,1538023
2002,W,970537,585155,1555692
2002,W,1007100,597081,1604181
2002,W,995075,600930,1596005
2002,W,1014222,613919,1628141
2002,W,937560,578417,1515977
2002,W,1013106,607047,1620153
2002,W,1020986,618972,1639958
2002,W,1036014,629240,1665254
2002,W,917031,591700,1508731
2002,W,926258,586214,1512472
2002,W,899896,599906,1499802
2002,W,892185,593532,1485717
2002,W,896865,594280,1491145
2002,W,905545,591974,1497519
2002,W,974101,583247,1557348
2002,W,1021788,620463,1642251
2002,W,918721,602085,1520806
2002,W,1000933,626040,1626973
2002,W,1026348,615024,1641372
2002,W,1001321,584792,1586113
2002,W,1000608,604417,1605025
2002,W,1031532,605198,1636730
2002,W,976392,598086,1574478
2002,W,1075694,606513,1682207
2002,W,994227,598141,1592368
2002,W,1010608,616111,1626719
2002,W,968509,600435,1568944
2002,W,1009271,614202,1623473
2002,W,1047188,609528,1656716
2002,W,975822,570031,1545853
2002,W,1009365,598752,1608117
2002,W,1015551,600667,1616218
2002,W,906240,579727,1485967
2002,W,991682,583205,1574887
2002,W,994112,582646,1576758
2002,W,1008846,613667,1622513
2002,W,999920,618307,1618227
2002,W,969174,606199,1575373
2002,W,995434,576461,1571895
2002,W,959547,588932,1548479
2002,W,980049,601576,1581625
2002,W,990460,606972,1597432
2002,W,1040502,635809,1676311
2002,W,1001778,583147,1584925
2002,W,915667,575065,1490732
2002,W,1005307,602096,1607403
2002,W,1044279,611344,1655623
2002,W,1036716,606193,1642909
2002,W,944065,583512,1527577
2002,W,969387,604162,1573549
2002,W,986714,606658,1593372
2002,W,967153,596032,1563185
2002,W,980140,605447,1585587
2002,W,980090,576747,1556837
2002,W,996706,619540,1616246
2002,W,992928,618449,1611377
2002,W,975703,628191,1603894
2002,W,979910,616117,1596027
2002,W,884749,597643,1482392
2002,W,926613,600847,1527460
2002,W,879533,601333,1480866
2002,W,914452,613276,1527728
2002,W,934562,650340,1584902
2002,W,948966,601509,1550475
2002,W,955991,621541,1577532
2002,W,1004276,785621,1789897
2002,W,807831,500685,1308516
2002,W,929870,575055,1504925
2002,W,919623,579348,1498971
2002,W,941513,591208,1532721
2002,W,969657,594276,1563933
2002,W,963191,618865,1582056
2002,W,949705,608087,1557792
2002,W,946077,621832,1567909
2002,W,931752,595378,1527130
2002,W,942643,596288,1538931
2002,W,960153,612971,1573124
2002,W,900537,595784,1496321
2002,W,955084,623156,1578240
2002,W,945502,617518,1563020
2002,W,931679,608190,1539869
2002,W,942389,590601,1532990
2002,W,893147,565324,1458471
2002,W,934322,614162,1548484
2002,W,912632,603775,1516407
2002,W,969159,607964,1577123
2002,W,1004199,612785,1616984
2002,W,941406,569627,1511033
2002,W,955681,592722,1548403
2002,W,940727,585313,1526040
2002,W,945096,589840,1534936
2002,W,968109,592938,1561047
2002,W,908503,579800,1488303
2002,W,871791,578996,1450787
2002,W,893558,586107,1479665
2002,W,920323,599375,1519698
2002,W,903666,592393,1496059
2002,W,847798,545503,1393301
2002,W,918696,586734,1505430
2002,W,904673,572717,1477390
2002,W,829797,533893,1363690
2002,W,903292,570031,1473323
2002,W,920546,572967,1493513
2002,W,923644,596884,1520528
2002,W,922170,590348,1512518
2002,W,808555,532322,1340877
2002,W,987793,608056,1595849
2002,W,1106907,625970,1732877
2002,W,1087925,634665,1722590
2002,W,1083538,634950,1718488
2002,W,1082951,634809,1717760
2002,W,1071206,630453,1701659
2002,W,1050992,640278,1691270
2002,W,1045640,631554,1677194
2002,W,1059762,645114,1704876
2002,W,1064345,655102,1719447
2002,W,1049667,617848,1667515
2002,W,1064546,644444,1708990
2002,W,1039162,643763,1682925
2002,W,1038608,640884,1679492
2002,W,1019280,626196,1645476
2002,W,1055515,637798,1693313
2002,W,1055580,664958,1720538
2002,W,1064437,666345,1730782
2002,W,1057421,662347,1719768
2002,W,1058970,651373,1710343
2002,W,1048696,634065,1682761
2002,W,1098830,653561,1752391
2002,W,1059836,648879,1708715
2002,W,1100107,655905,1756012
2002,W,1024955,626723,1651678
2002,W,1086922,641838,1728760
2002,W,1074824,650758,1725582
2002,W,1064324,648974,1713298
2002,W,1072954,655002,1727956
2002,W,1074197,658585,1732782
2002,W,806818,542057,1348875
2002,W,1068455,653527,1721982
2002,W,1036205,645880,1682085
2002,W,1030300,645590,1675890
2002,W,1059316,643043,1702359
2002,W,1057968,632256,1690224
2002,W,1047657,645112,1692769
2002,W,1013066,635553,1648619
2002,W,1014798,642039,1656837
2002,W,1022926,632981,1655907
2002,W,1041265,628314,1669579
2002,W,1025525,636398,1661923
2002,W,1036745,639993,1676738
2002,W,1000155,635297,1635452
2002,W,1069031,628183,1697214
2002,W,1072235,633872,1706107
2002,W,994530,613203,1607733
2002,W,1045767,644971,1690738
2002,W,1065889,664817,1730706
2002,W,995294,646927,1642221
2002,W,780558,519021,1299579
2002,W,1029700,637242,1666942
2002,W,1035982,635224,1671206
2002,W,956533,625010,1581543
2002,W,1042694,630267,1672961
2002,W,1018831,619368,1638199
2002,W,1058349,638719,1697068
2002,W,1033748,630680,1664428
2002,W,983825,621257,1605082
2002,W,1030889,618981,1649870
2002,W,992101,602628,1594729
2002,W,959679,611673,1571352
2002,W,946620,584367,1530987
2002,W,676405,367260,1043665
2002,W,966808,598780,1565588
2002,W,1007666,622071,1629737
2002,W,1003459,610601,1614060
2002,W,1005218,607822,1613040
2002,W,1018401,602004,1620405
2002,W,994622,575116,1569738
2002,W,1030456,601656,1632112
2002,W,1021640,603601,1625241
2002,W,1015667,602683,1618350
2002,W,1020480,600852,1621332
2002,W,1003932,577286,1581218
2002,W,985528,583328,1568856
2002,W,939870,571921,1511791
2002,W,1020038,590493,1610531
2002,W,984913,565925,1550838
2002,W,827316,467245,1294561
2002,W,621673,319916,941589
2002,W,661076,372317,1033393
2002,W,744896,424575,1169471
2002,W,773707,469806,1243513
2002,W,792623,456865,1249488
2003,W,757781,484840,1242621
2003,W,861580,515985,1377565
2003,W,982617,574868,1557485
2003,W,982542,580676,1563218
2003,W,1011812,592758,1604570
2003,W,979678,586435,1566113
2003,W,963808,567691,1531499
2003,W,973653,585781,1559434
2003,W,940805,594400,1535205
2003,W,928578,583104,1511682
2003,W,945280,591915,1537195
2003,W,973358,584772,1558130
2003,W,604089,375958,980047
2003,W,954156,590827,1544983
2003,W,912033,572491,1484524
2003,W,822317,541015,1363332
2003,W,893501,546353,1439854
2003,W,922033,564295,1486328
2003,W,952120,598146,1550266
2003,W,970605,594588,1565193
2003,W,993731,601060,1594791
2003,W,929004,577555,1506559
2003,W,1039918,596186,1636104
2003,W,980582,597044,1577626
2003,W,961776,585552,1547328
2003,W,981973,596888,1578861
2003,W,953979,573249,1527228
2003,W,948507,584120,1532627
2003,W,928346,592292,1520638
2003,W,749254,523192,1272446
2003,W,978871,597819,1576690
2003,W,985806,594045,1579851
2003,W,709845,447938,1157783
2003,W,974450,604717,1579167
2003,W,982943,605097,1588040
2003,W,988095,611766,1599861
2003,W,1005940,601156,1607096
2003,W,908324,574013,1482337
2003,W,897857,572520,1470377
2003,W,939161,588630,1527791
2003,W,951569,599144,1550713
2003,W,1011530,597504,1609034
2003,W,822165,535306,1357471
2003,W,964967,606043,1571010
2003,W,868551,583929,1452480
2003,W,874641,573715,1448356
2003,W,980484,584273,1564757
2003,W,916661,573635,1490296
2003,W,971894,601034,1572928
2003,W,981590,604333,1585923
2003,W,978881,609896,1588777
2003,W,1009566,615377,1624943
2003,W,976703,597982,1574685
2003,W,963349,596226,1559575
2003,W,938499,586881,1525380
2003,W,936654,594341,1530995
2003,W,967479,588655,1556134
2003,W,962889,584149,1547038
2003,W,973017,594589,1567606
2003,W,968581,594924,1563505
2003,W,969195,593676,1562871
2003,W,815984,552242,1368226
2003,W,973924,577834,1551758
2003,W,1028531,603564,1632095
2003,W,1020829,602855,1623684
2003,W,995062,592074,1587136
2003,W,912458,572837,1485295
2003,W,873605,565391,1438996
2003,W,947482,599769,1547251
2003,W,986992,611985,1598977
2003,W,1007977,624279,1632256
2003,W,912918,600667,1513585
2003,W,904517,593473,1497990
2003,W,894368,606461,1500829
2003,W,836328,578259,1414587
2003,W,815274,563613,1378887
2003,W,769997,482196,1252193
2003,W,925231,572442,1497673
2003,W,964240,617403,1581643
2003,W,923474,613127,1536601
2003,W,961316,620140,1581456
2003,W,979369,595103,1574472
2003,W,962103,582145,1544248
2003,W,958977,595629,1554606
2003,W,828642,567596,1396238
2003,W,971218,597161,1568379
2003,W,1039212,616460,1655672
2003,W,1006467,608082,1614549
2003,W,1007795,626276,1634071
2003,W,977279,610370,1587649
2003,W,984692,605164,1589856
2003,W,992211,616706,1608917
2003,W,956974,580553,1537527
2003,W,981698,602563,1584261
2003,W,911890,583198,1495088
2003,W,971525,598384,1569909
2003,W,999630,589910,1589540
2003,W,961806,579665,1541471
2003,W,966295,594508,1560803
2003,W,992696,592768,1585464
2003,W,967683,590893,1558576
2003,W,969112,575372,1544484
2003,W,961009,597804,1558813
2003,W,910537,586704,1497241
2003,W,961715,595331,1557046
2003,W,988281,613622,1601903
2003,W,978201,583126,1561327
2003,W,992041,610279,1602320
2003,W,997077,615414,1612491
2003,W,991907,622481,1614388
2003,W,962917,615632,1578549
2003,W,987516,590887,1578403
2003,W,940459,596552,1537011
2003,W,961149,607043,1568192
2003,W,969572,604883,1574455
2003,W,976147,592987,1569134
2003,W,955066,581387,1536453
2003,W,965718,601420,1567138
2003,W,897454,587986,1485440
2003,W,946693,596124,1542817
2003,W,938177,611219,1549396
2003,W,855955,568379,1424334
2003,W,928442,620552,1548994
2003,W,841205,603880,1445085
2003,W,833307,600660,1433967
2003,W,890776,661150,1551926
2003,W,884729,611874,1496603
2003,W,957351,634210,1591561
2003,W,936777,640212,1576989
2003,W,983110,790702,1773812
2003,W,852771,569437,1422208
2003,W,846175,579733,1425908
2003,W,871942,598967,1470909
2003,W,893195,614469,1507664
2003,W,907669,615433,1523102
2003,W,905206,611190,1516396
2003,W,874304,618204,1492508
2003,W,915630,597927,1513557
2003,W,861722,579675,1441397
2003,W,902204,590356,1492560
2003,W,883219,578363,1461582
2003,W,889426,590880,1480306
2003,W,906650,622160,1528810
2003,W,896387,622281,1518668
2003,W,903368,591792,1495160
2003,W,849172,562933,1412105
2003,W,903830,615414,1519244
2003,W,880392,616406,1496798
2003,W,889575,617395,1506970
2003,W,912597,605206,1517803
2003,W,920408,585024,1505432
2003,W,918113,600556,1518669
2003,W,883115,581895,1465010
2003,W,923161,584026,1507187
2003,W,903597,583831,1487428
2003,W,806587,566910,1373497
2003,W,864526,595230,1459756
2003,W,875224,614427,1489651
2003,W,857542,592601,1450143
2003,W,873580,602111,1475691
2003,W,821919,559214,1381133
2003,W,853603,577418,1431021
2003,W,838351,567116,1405467
2003,W,820578,562565,1383143
2003,W,867524,576202,1443726
2003,W,850528,561134,1411662
2003,W,836703,573211,1409914
2003,W,862298,578962,1441260
2003,W,857707,578781,1436488
2003,W,902436,604839,1507275
2003,W,1025978,648864,1674842
2003,W,1059974,650319,1710293
2003,W,1040002,652383,1692385
2003,W,1044868,634834,1679702
2003,W,1028540,623072,1651612
2003,W,1030074,632686,1662760
2003,W,1019275,645858,1665133
2003,W,1018196,639732,1657928
2003,W,1002297,650171,1652468
2003,W,1015639,653569,1669208
2003,W,1033950,663607,1697557
2003,W,1023215,663761,1686976
2003,W,1023301,647465,1670766
2003,W,1019769,642616,1662385
2003,W,992288,638244,1630532
2003,W,1023379,655433,1678812
2003,W,973736,643836,1617572
2003,W,1006367,648354,1654721
2003,W,939175,643987,1583162
2003,W,1001427,637350,1638777
2003,W,1000725,637394,1638119
2003,W,1051684,644239,1695923
2003,W,1016259,641608,1657867
2003,W,999345,667963,1667308
2003,W,1018276,618461,1636737
2003,W,1051869,699907,1751776
2003,W,1026066,693316,1719382
2003,W,1011003,650911,1661914
2003,W,1031598,661985,1693583
2003,W,780132,547856,1327988
2003,W,928265,691539,1619804
2003,W,1026737,711785,1738522
2003,W,1013203,650877,1664080
2003,W,1023752,651230,1674982
2003,W,1077011,632330,1709341
2003,W,958546,644683,1603229
2003,W,1003925,640420,1644345
2003,W,1008328,644198,1652526
2003,W,1008879,639483,1648362
2003,W,990268,620687,1610955
2003,W,978501,631318,1609819
2003,W,986799,637933,1624732
2003,W,1006074,652674,1658748
2003,W,996142,628603,1624745
2003,W,1007989,614598,1622587
2003,W,1003988,630296,1634284
2003,W,1015157,639104,1654261
2003,W,1015139,644961,1660100
2003,W,906629,620991,1527620
2003,W,981163,606222,1587385
2003,W,789039,542871,1331910
2003,W,977852,627509,1605361
2003,W,901163,616525,1517688
2003,W,964479,632553,1597032
2003,W,996959,618428,1615387
2003,W,881272,608253,1489525
2003,W,1011052,632045,1643097
2003,W,1006072,638332,1644404
2003,W,1004115,626155,1630270
2003,W,897941,583860,1481801
2003,W,945699,602970,1548669
2003,W,930556,579257,1509813
2003,W,557794,344266,902060
2003,W,998632,601364,1599996
2003,W,984587,605675,1590262
2003,W,1002993,613563,1616556
2003,W,962556,610322,1572878
2003,W,968576,606672,1575248
2003,W,975766,586022,1561788
2003,W,959147,594395,1553542
2003,W,945145,597600,1542745
2003,W,936467,591327,1527794
2003,W,912540,575833,1488373
2003,W,936119,568654,1504773
2003,W,926650,576496,1503146
2003,W,925481,573820,1499301
2003,W,917919,567624,1485543
2003,W,926113,555922,1482035
2003,W,797301,508014,1305315
2003,W,770607,486462,1257069
2003,W,610061,333655,943716
2003,W,605667,321094,926761
2003,W,732494,461979,1194473
2003,W,725126,474545,1199671
2003,W,678329,430971,1109300
2004,W,754051,421851,1175902
2004,W,894467,548650,1443117
2004,W,788158,516396,1304554
2004,W,851011,536299,1387310
2004,W,903950,556891,1460841
2004,W,929117,560519,1489636
2004,W,982070,588906,1570976
2004,W,977382,596765,1574147
2004,W,956180,591625,1547805
2004,W,962171,590965,1553136
2004,W,969715,578153,1547868
2004,W,557712,353859,911571
2004,W,939415,572634,1512049
2004,W,949321,576593,1525914
2004,W,854150,542344,1396494
2004,W,903734,550366,1454100
2004,W,925536,566031,1491567
2004,W,906997,586852,1493849
2004,W,887763,565269,1453032
2004,W,855905,553448,1409353
2004,W,756185,500887,1257072
2004,W,914997,566503,1481500
2004,W,957823,591153,1548976
2004,W,947079,581672,1528751
2004,W,931453,586671,1518124
2004,W,937566,572957,1510523
2004,W,948814,578071,1526885
2004,W,948181,593014,1541195
2004,W,959174,594399,1553573
2004,W,796644,537211,1333855
2004,W,958969,580969,1539938
2004,W,684054,441539,1125593
2004,W,966524,596810,1563334
2004,W,957521,593575,1551096
2004,W,971162,601442,1572604
2004,W,933678,580459,1514137
2004,W,954873,577436,1532309
2004,W,957453,588493,1545946
2004,W,967236,596639,1563875
2004,W,973201,598172,1571373
2004,W,980935,589768,1570703
2004,W,828169,534603,1362772
2004,W,992418,597880,1590298
2004,W,1007360,594376,1601736
2004,W,936797,584225,1521022
2004,W,939138,575845,1514983
2004,W,969634,585973,1555607
2004,W,965244,597735,1562979
2004,W,973415,601851,1575266
2004,W,927076,589420,1516496
2004,W,942238,580254,1522492
2004,W,953320,580038,1533358
2004,W,942197,582515,1524712
2004,W,932468,589641,1522109
2004,W,934303,588303,1522606
2004,W,988154,593249,1581403
2004,W,941254,559786,1501040
2004,W,966919,579228,1546147
2004,W,917804,565878,1483682
2004,W,948790,577094,1525884
2004,W,858131,557755,1415886
2004,W,949103,573929,1523032
2004,W,949847,579487,1529334
2004,W,943445,579344,1522789
2004,W,1000741,592854,1593595
2004,W,1012716,589043,1601759
2004,W,971292,571811,1543103
2004,W,977036,585618,1562654
2004,W,975244,592042,1567286
2004,W,967733,588420,1556153
2004,W,799356,490037,1289393
2004,W,809673,560649,1370322
2004,W,831527,571813,1403340
2004,W,859829,593419,1453248
2004,W,864352,601171,1465523
2004,W,861336,600132,1461468
2004,W,951686,592025,1543711
2004,W,934712,592319,1527031
2004,W,943108,597005,1540113
2004,W,904333,597088,1501421
2004,W,977752,615945,1593697
2004,W,962323,576288,1538611
2004,W,985057,588215,1573272
2004,W,914358,585375,1499733
2004,W,909979,580209,1490188
2004,W,988876,579995,1568871
2004,W,1028235,580844,1609079
2004,W,1025965,615968,1641933
2004,W,1019276,622837,1642113
2004,W,994277,614497,1608774
2004,W,960594,591026,1551620
2004,W,939473,558691,1498164
2004,W,965692,583729,1549421
2004,W,944663,576643,1521306
2004,W,929271,579703,1508974
2004,W,899684,566238,1465922
2004,W,961334,567520,1528854
2004,W,957288,600273,1557561
2004,W,1010917,613954,1624871
2004,W,971148,604798,1575946
2004,W,945657,592577,1538234
2004,W,964387,572310,1536697
2004,W,967725,586827,1554552
2004,W,970166,583785,1553951
2004,W,960973,583639,1544612
2004,W,978308,574148,1552456
2004,W,988657,604744,1593401
2004,W,995228,605193,1600421
2004,W,1037077,597741,1634818
2004,W,1031015,619850,1650865
2004,W,975883,602548,1578431
2004,W,985865,627174,1613039
2004,W,967899,616418,1584317
2004,W,927625,614363,1541988
2004,W,951407,584390,1535797
2004,W,947940,569479,1517419
2004,W,973303,591145,1564448
2004,W,948614,584517,1533131
2004,W,938259,585309,1523568
2004,W,945720,600582,1546302
2004,W,783458,540333,1323791
2004,W,959598,597441,1557039
2004,W,858709,578302,1437011
2004,W,828438,571439,1399877
2004,W,894184,629449,1523633
2004,W,853024,572918,1425942
2004,W,911992,643017,1555009
2004,W,906761,639979,1546740
2004,W,953538,646062,1599600
2004,W,937281,647738,1585019
2004,W,877429,556428,1433857
2004,W,885461,568101,1453562
2004,W,909149,580508,1489657
2004,W,869159,560395,1429554
2004,W,883883,564588,1448471
2004,W,923012,571480,1494492
2004,W,906552,581198,1487750
2004,W,912348,615708,1528056
2004,W,898626,610788,1509414
2004,W,898918,593573,1492491
2004,W,896643,606660,1503303
2004,W,857917,590615,1448532
2004,W,858154,598156,1456310
2004,W,912722,590514,1503236
2004,W,852027,565461,1417488
2004,W,885055,590244,1475299
2004,W,883672,581804,1465476
2004,W,881356,574372,1455728
2004,W,918563,599378,1517941
2004,W,882460,544308,1426768
2004,W,933741,570440,1504181
2004,W,867932,556467,1424399
2004,W,918039,572708,1490747
2004,W,918834,576089,1494923
2004,W,866609,543743,1410352
2004,W,859980,584756,1444736
2004,W,848020,581158,1429178
2004,W,836018,586637,1422655
2004,W,887566,591673,1479239
2004,W,836413,531860,1368273
2004,W,847772,547281,1395053
2004,W,845492,550495,1395987
2004,W,861625,560944,1422569
2004,W,868398,568661,1437059
2004,W,857805,566252,1424057
2004,W,819217,567497,1386714
2004,W,831352,570388,1401740
2004,W,860869,586981,1447850
2004,W,878628,605790,1484418
2004,W,884633,567769,1452402
2004,W,899858,586695,1486553
2004,W,973679,597386,1571065
2004,W,953427,599495,1552922
2004,W,975876,588503,1564379
2004,W,1050387,626352,1676739
2004,W,1050697,637961,1688658
2004,W,1045824,628271,1674095
2004,W,1053387,651710,1705097
2004,W,1042442,636868,1679310
2004,W,1046788,648153,1694941
2004,W,1024350,640279,1664629
2004,W,1029871,621221,1651092
2004,W,1047045,625246,1672291
2004,W,1037831,618982,1656813
2004,W,1050001,632360,1682361
2004,W,1032930,629320,1662250
2004,W,1044192,639139,1683331
2004,W,1036019,622291,1658310
2004,W,1027685,636750,1664435
2004,W,1032855,651704,1684559
2004,W,1026441,651246,1677687
2004,W,1028258,652621,1680879
2004,W,1093423,654384,1747807
2004,W,1069102,626058,1695160
2004,W,1061080,632144,1693224
2004,W,1049585,633595,1683180
2004,W,1065448,640106,1705554
2004,W,993752,633554,1627306
2004,W,798129,533211,1331340
2004,W,1049798,636093,1685891
2004,W,1041758,633630,1675388
2004,W,1039134,634855,1673989
2004,W,1030816,634543,1665359
2004,W,996730,609460,1606190
2004,W,1021166,624056,1645222
2004,W,1023397,623762,1647159
2004,W,1052476,637181,1689657
2004,W,1042359,629243,1671602
2004,W,1026913,612489,1639402
2004,W,1022142,621378,1643520
2004,W,1034962,628723,1663685
2004,W,1033261,629827,1663088
2004,W,1025574,630736,1656310
2004,W,953969,587503,1541472
2004,W,913103,577460,1490563
2004,W,1075369,625991,1701360
2004,W,1018608,623937,1642545
2004,W,1062739,630151,1692890
2004,W,1033733,615996,1649729
2004,W,1035702,629375,1665077
2004,W,1042750,635694,1678444
2004,W,812757,549029,1361786
2004,W,924772,606762,1531534
2004,W,1006969,611786,1618755
2004,W,1025607,623801,1649408
2004,W,1018184,620535,1638719
2004,W,951154,610552,1561706
2004,W,1021327,622698,1644025
2004,W,1018065,606086,1624151
2004,W,1019132,616805,1635937
2004,W,835824,550778,1386602
2004,W,591445,345213,936658
2004,W,962243,588392,1550635
2004,W,970374,600955,1571329
2004,W,1032681,614286,1646967
2004,W,1018483,613061,1631544
2004,W,1060084,615342,1675426
2004,W,1000415,587577,1587992
2004,W,948268,587165,1535433
2004,W,1017145,605103,1622248
2004,W,1006857,607436,1614293
2004,W,1010307,598887,1609194
2004,W,922941,562847,1485788
2004,W,934042,574048,1508090
2004,W,974391,584961,1559352
2004,W,969829,585749,1555578
2004,W,978842,572764,1551606
2004,W,726487,488937,1215424
2004,W,783801,508747,1292548
2004,W,725010,473787,1198797
2004,W,670666,408740,1079406
2004,W,425489,191941,617430
2004,W,650769,386604,1037373
2004,W,698229,438802,1137031
2004,W,726475,456993,1183468
2004,W,738698,457796,1196494
2004,W,633996,364015,998011
2005,W,894571,512620,1407191
2005,W,972798,559563,1532361
2005,W,851226,558698,1409924
2005,W,862750,554283,1417033
2005,W,915274,554769,1470043
2005,W,979955,584456,1564411
2005,W,954938,590368,1545306
2005,W,972407,589359,1561766
2005,W,931709,582596,1514305
2005,W,894841,552090,1446931
2005,W,539410,349284,888694
2005,W,907849,569801,1477650
2005,W,947581,583108,1530689
2005,W,936302,590558,1526860
2005,W,968823,591645,1560468
2005,W,957377,580140,1537517
2005,W,995268,592253,1587521
2005,W,947433,581016,1528449
2005,W,955413,587048,1542461
2005,W,857968,554367,1412335
2005,W,992251,583230,1575481
2005,W,1050914,598684,1649598
2005,W,1046742,599354,1646096
2005,W,1061904,607326,1669230
2005,W,1062971,595511,1658482
2005,W,987016,578699,1565715
2005,W,1005698,593343,1599041
2005,W,989259,595976,1585235
2005,W,1012514,596286,1608800
2005,W,999975,566136,1566111
2005,W,1015673,596928,1612601
2005,W,980220,590777,1570997
2005,W,1002714,602439,1605153
2005,W,981996,593476,1575472
2005,W,983784,582874,1566658
2005,W,723673,445742,1169415
2005,W,1002989,600405,1603394
2005,W,996383,601647,1598030
2005,W,982207,599568,1581775
2005,W,1002592,590287,1592879
2005,W,943655,578722,1522377
2005,W,1012943,591771,1604714
2005,W,984054,587875,1571929
2005,W,1030040,600570,1630610
2005,W,1027003,589864,1616867
2005,W,814934,533210,1348144
2005,W,1009879,597987,1607866
2005,W,996362,598004,1594366
2005,W,941999,585359,1527358
2005,W,994830,587513,1582343
2005,W,980033,583024,1563057
2005,W,1017371,606409,1623780
2005,W,1011281,607649,1618930
2005,W,989736,605564,1595300
2005,W,1017219,593449,1610668
2005,W,849240,544264,1393504
2005,W,861916,553996,1415912
2005,W,837601,544825,1382426
2005,W,848267,544242,1392509
2005,W,717162,456076,1173238
2005,W,968792,568013,1536805
2005,W,1001423,598783,1600206
2005,W,942056,580582,1522638
2005,W,966045,589937,1555982
2005,W,1050962,600913,1651875
2005,W,1035659,608092,1643751
2005,W,1048343,612259,1660602
2005,W,1005400,610876,1616276
2005,W,1001832,612048,1613880
2005,W,1034023,642939,1676962
2005,W,1013684,615683,1629367
2005,W,938160,597721,1535881
2005,W,1016213,630756,1646969
2005,W,1026667,616143,1642810
2005,W,953214,602625,1555839
2005,W,1015285,609637,1624922
2005,W,1011163,622316,1633479
2005,W,963837,600039,1563876
2005,W,954629,601125,1555754
2005,W,926157,588764,1514921
2005,W,1003896,610619,1614515
2005,W,1002029,620181,1622210
2005,W,932943,620361,1553304
2005,W,945137,604452,1549589
2005,W,1036716,608264,1644980
2005,W,1000310,585188,1585498
2005,W,1045152,610739,1655891
2005,W,1036608,612365,1648973
2005,W,1044204,621992,1666196
2005,W,1027299,626005,1653304
2005,W,960649,593537,1554186
2005,W,1033686,634549,1668235
2005,W,908042,592526,1500568
2005,W,976440,605243,1581683
2005,W,980674,597196,1577870
2005,W,1005555,598942,1604497
2005,W,1013627,607296,1620923
2005,W,1003414,604841,1608255
2005,W,951340,593341,1544681
2005,W,1028933,625628,1654561
2005,W,997640,612963,1610603
2005,W,1017021,636017,1653038
2005,W,1002504,628633,1631137
2005,W,995429,632007,1627436
2005,W,987014,616101,1603115
2005,W,968847,591522,1560369
2005,W,1041992,613034,1655026
2005,W,1015376,603865,1619241
2005,W,1049697,616170,1665867
2005,W,1012097,619504,1631601
2005,W,1003186,628716,1631902
2005,W,984240,632453,1616693
2005,W,1000130,622726,1622856
2005,W,997687,654887,1652574
2005,W,973038,628857,1601895
2005,W,955995,635882,1591877
2005,W,941737,637318,1579055
2005,W,931626,603660,1535286
2005,W,998232,611676,1609908
2005,W,880325,591715,1472040
2005,W,889907,606210,1496117
2005,W,890705,607690,1498395
2005,W,888587,593403,1481990
2005,W,869672,643554,1513226
2005,W,867853,591716,1459569
2005,W,870601,632227,1502828
2005,W,871256,638601,1509857
2005,W,878941,646980,1525921
2005,W,945326,662564,1607890
2005,W,913873,569757,1483630
2005,W,926125,590642,1516767
2005,W,929359,578396,1507755
2005,W,950222,591325,1541547
2005,W,913284,573004,1486288
2005,W,909026,585394,1494420
2005,W,923039,596373,1519412
2005,W,936684,634107,1570791
2005,W,937018,631418,1568436
2005,W,902531,582649,1485180
2005,W,937251,608460,1545711
2005,W,888241,597676,1485917
2005,W,920983,610460,1531443
2005,W,945311,614666,1559977
2005,W,850441,580681,1431122
2005,W,876111,588210,1464321
2005,W,931658,626793,1558451
2005,W,923931,626164,1550095
2005,W,928563,618229,1546792
2005,W,954299,574337,1528636
2005,W,939108,600448,1539556
2005,W,950814,598977,1549791
2005,W,941632,597051,1538683
2005,W,965152,603948,1569100
2005,W,910549,590758,1501307
2005,W,917522,606419,1523941
2005,W,913900,605306,1519206
2005,W,859482,588881,1448363
2005,W,929636,606537,1536173
2005,W,892308,574348,1466656
2005,W,904327,589228,1493555
2005,W,909306,590352,1499658
2005,W,855225,561329,1416554
2005,W,934667,602164,1536831
2005,W,897988,597005,1494993
2005,W,907676,616739,1524415
2005,W,909467,616129,1525596
2005,W,907614,590749,1498363
2005,W,916046,625532,1541578
2005,W,921906,612444,1534350
2005,W,931235,625509,1556744
2005,W,928354,631355,1559709
2005,W,1019495,643731,1663226
2005,W,1015964,632104,1648068
2005,W,1094714,647343,1742057
2005,W,1090847,664041,1754888
2005,W,1090390,671553,1761943
2005,W,1092990,672572,1765562
2005,W,1088861,674800,1763661
2005,W,1081012,691104,1772116
2005,W,1072662,687668,1760330
2005,W,1070331,702096,1772427
2005,W,1061189,689685,1750874
2005,W,1033841,657717,1691558
2005,W,1091052,685957,1777009
2005,W,1085278,685975,1771253
2005,W,1045853,672603,1718456
2005,W,1068977,699466,1768443
2005,W,1050587,651165,1701752
2005,W,1091710,686977,1778687
2005,W,1019140,668450,1687590
2005,W,1065350,668926,1734276
2005,W,1114521,673776,1788297
2005,W,1137817,638813,1776630
2005,W,1099740,677721,1777461
2005,W,1099507,689759,1789266
2005,W,1084528,679966,1764494
2005,W,1037669,663271,1700940
2005,W,811357,562228,1373585
2005,W,1076154,687202,1763356
2005,W,1053577,685743,1739320
2005,W,1068998,665605,1734603
2005,W,1091226,683174,1774400
2005,W,1046900,653518,1700418
2005,W,1071110,669214,1740324
2005,W,1056343,666799,1723142
2005,W,1057585,676430,1734015
2005,W,1064058,674291,1738349
2005,W,995935,637292,1633227
2005,W,1034930,653259,1688189
2005,W,1041390,662049,1703439
2005,W,1039411,669962,1709373
2005,W,1050188,734562,1784750
2005,W,1000931,636744,1637675
2005,W,1104565,668971,1773536
2005,W,1077276,667966,1745242
2005,W,1108680,678842,1787522
2005,W,994280,653744,1648024
2005,W,1060057,648893,1708950
2005,W,998603,642398,1641001
2005,W,1034556,655614,1690170
2005,W,1049433,672627,1722060
2005,W,862413,587641,1450054
2005,W,1021597,637498,1659095
2005,W,1001890,644740,1646630
2005,W,960835,625642,1586477
2005,W,982303,636292,1618595
2005,W,997001,635900,1632901
2005,W,1023750,627654,1651404
2005,W,1012669,637432,1650101
2005,W,946475,594581,1541056
2005,W,542621,335201,877822
2005,W,964783,610273,1575056
2005,W,964736,621228,1585964
2005,W,975689,623427,1599116
2005,W,1002814,637299,1640113
2005,W,1012143,626729,1638872
2005,W,959432,591559,1550991
2005,W,943778,595172,1538950
2005,W,922076,591500,1513576
2005,W,900776,651313,1552089
2005,W,922330,630309,1552639
2005,W,974895,603601,1578496
2005,W,984740,612377,1597117
2005,W,959741,629222,1588963
2005,W,972435,621555,1593990
2005,W,952574,605734,1558308
2005,W,860779,535968,1396747
2005,W,894974,534766,1429740
2005,W,918067,553734,1471801
2005,W,912016,544544,1456560
2005,W,878003,479373,1357376
2005,W,735303,457726,1193029
2005,W,711850,462580,1174430
2005,W,738031,481238,1219269
2005,W,762706,471541,1234247
2006,W,772171,540341,1312512
2006,W,759600,543243,1302843
2006,W,766560,550285,1316845
2006,W,788239,551707,1339946
2006,W,917702,588402,1506104
2006,W,938390,600336,1538726
2006,W,927898,602096,1529994
2006,W,955926,616251,1572177
2006,W,887164,585207,1472371
2006,W,605772,399562,1005334
2006,W,948555,619527,1568082
2006,W,954238,621428,1575666
2006,W,983087,634043,1617130
2006,W,944694,615420,1560114
2006,W,976988,626292,1603280
2006,W,972893,634204,1607097
2006,W,980770,634664,1615434
2006,W,988382,643068,1631450
2006,W,889516,608327,1497843
2006,W,966708,614814,1581522
2006,W,995530,634459,1629989
2006,W,1035412,641676,1677088
2006,W,1025866,642353,1668219
2006,W,1020411,627330,1647741
2006,W,986048,612106,1598154
2006,W,1008328,631742,1640070
2006,W,977974,629155,1607129
2006,W,984574,635409,1619983
2006,W,1003608,623814,1627422
2006,W,799595,546148,1345743
2006,W,1044587,644218,1688805
2006,W,988045,626072,1614117
2006,W,930188,613347,1543535
2006,W,942685,604038,1546723
2006,W,681948,453199,1135147
2006,W,993188,623860,1617048
2006,W,999636,629122,1628758
2006,W,991146,635013,1626159
2006,W,987623,615401,1603024
2006,W,959193,603047,1562240
2006,W,987195,623237,1610432
2006,W,1020267,627527,1647794
2006,W,986927,620235,1607162
2006,W,1021045,620890,1641935
2006,W,794246,550369,1344615
2006,W,1006095,626557,1632652
2006,W,982979,623290,1606269
2006,W,979823,627081,1606904
2006,W,1015665,721158,1736823
2006,W,968366,609970,1578336
2006,W,1000900,629929,1630829
2006,W,1005800,632700,1638500
2006,W,953483,630443,1583926
2006,W,989694,633801,1623495
2006,W,963013,587104,1550117
2006,W,943649,585590,1529239
2006,W,982523,605646,1588169
2006,W,979617,609325,1588942
2006,W,978424,597943,1576367
2006,W,962206,601488,1563694
2006,W,981183,619650,1600833
2006,W,987756,636692,1624448
2006,W,996804,600724,1597528
2006,W,1028124,641079,1669203
2006,W,985177,616386,1601563
2006,W,1042810,660381,1703191
2006,W,1020222,654034,1674256
2006,W,998368,635705,1634073
2006,W,880902,634777,1515679
2006,W,880692,601070,1481762
2006,W,885029,628374,1513403
2006,W,877362,627736,1505098
2006,W,871878,634065,1505943
2006,W,804781,551524,1356305
2006,W,964793,623255,1588048
2006,W,1000958,646316,1647274
2006,W,984239,652275,1636514
2006,W,938226,641954,1580180
2006,W,999808,659127,1658935
2006,W,998455,642816,1641271
2006,W,953034,636129,1589163
2006,W,952603,649967,1602570
2006,W,955057,644011,1599068
2006,W,1008989,666532,1675521
2006,W,997873,738966,1736839
2006,W,1045233,664946,1710179
2006,W,1060500,663686,1724186
2006,W,1047587,665514,1713101
2006,W,1023957,651798,1675755
2006,W,1010412,624197,1634609
2006,W,1004081,650430,1654511
2006,W,1007923,648361,1656284
2006,W,926462,621331,1547793
2006,W,958553,639308,1597861
2006,W,961857,601838,1563695
2006,W,994913,648507,1643420
2006,W,964565,640270,1604835
2006,W,987234,653070,1640304
2006,W,994011,651428,1645439
2006,W,996607,629775,1626382
2006,W,1013298,647643,1660941
2006,W,951852,631510,1583362
2006,W,978387,639540,1617927
2006,W,988688,657379,1646067
2006,W,945888,632333,1578221
2006,W,968145,646966,1615111
2006,W,1028046,638192,1666238
2006,W,1031966,647618,1679584
2006,W,1005516,625171,1630687
2006,W,1008096,653049,1661145
2006,W,1012230,666040,1678270
2006,W,1011430,675651,1687081
2006,W,988332,652258,1640590
2006,W,960901,623525,1584426
2006,W,961923,664539,1626462
2006,W,941928,665279,1607207
2006,W,907237,659507,1566744
2006,W,966314,667762,1634076
2006,W,880777,608854,1489631
2006,W,889908,636659,1526567
2006,W,859537,629433,1488970
2006,W,872019,633021,1505040
2006,W,905242,639365,1544607
2006,W,852939,626802,1479741
2006,W,886147,642922,1529069
2006,W,886828,649479,1536307
2006,W,899339,667597,1566936
2006,W,950077,716112,1666189
2006,W,802169,684040,1486209
2006,W,901332,661426,1562758
2006,W,925381,678340,1603721
2006,W,928760,702727,1631487
2006,W,900356,618702,1519058
2006,W,873419,605343,1478762
2006,W,926286,615196,1541482
2006,W,922492,644488,1566980
2006,W,889540,669868,1559408
2006,W,886469,626986,1513455
2006,W,927651,675064,1602715
2006,W,911699,687896,1599595
2006,W,827202,644150,1471352
2006,W,931578,676491,1608069
2006,W,906725,633184,1539909
2006,W,919219,650364,1569583
2006,W,897731,641296,1539027
2006,W,894993,663387,1558380
2006,W,900144,673789,1573933
2006,W,831261,608739,1440000
2006,W,894297,619717,1514014
2006,W,872246,628299,1500545
2006,W,911057,656020,1567077
2006,W,951984,722072,1674056
2006,W,905263,633078,1538341
2006,W,916905,646778,1563683
2006,W,909623,641076,1550699
2006,W,856682,614321,1471003
2006,W,909305,638056,1547361
2006,W,857738,595551,1453289
2006,W,888214,618372,1506586
2006,W,878842,620892,1499734
2006,W,874196,628756,1502952
2006,W,869355,638938,1508293
2006,W,878842,613716,1492558
2006,W,896666,628952,1525618
2006,W,891561,632682,1524243
2006,W,831663,617548,1449211
2006,W,895640,645738,1541378
2006,W,792601,587722,1380323
2006,W,891705,638128,1529833
2006,W,913445,650359,1563804
2006,W,917102,654437,1571539
2006,W,977274,663472,1640746
2006,W,1056228,680476,1736704
2006,W,1069326,706958,1776284
2006,W,1043601,726551,1770152
2006,W,985806,708845,1694651
2006,W,981275,656692,1637967
2006,W,1030796,694780,1725576
2006,W,992146,694220,1686366
2006,W,1054398,719561,1773959
2006,W,1060398,729995,1790393
2006,W,1037929,688531,1726460
2006,W,1041255,690760,1732015
2006,W,1053131,700536,1753667
2006,W,1044501,696162,1740663
2006,W,993335,668669,1662004
2006,W,1041474,666046,1707520
2006,W,1054882,695484,1750366
2006,W,1035426,690413,1725839
2006,W,1043356,676811,1720167
2006,W,1058057,699340,1757397
2006,W,981933,635901,1617834
2006,W,1064774,681381,1746155
2006,W,1026517,675804,1702321
2006,W,1060282,698851,1759133
2006,W,1055911,691122,1747033
2006,W,806458,572361,1378819
2006,W,1055021,684475,1739496
2006,W,1022625,684138,1706763
2006,W,998899,676609,1675508
2006,W,1014747,680633,1695380
2006,W,1011001,668480,1679481
2006,W,1029815,683799,1713614
2006,W,1035671,687285,1722956
2006,W,1035827,689629,1725456
2006,W,1031742,705991,1737733
2006,W,1018534,659505,1678039
2006,W,1043962,675059,1719021
2006,W,1057646,663754,1721400
2006,W,994421,659139,1653560
2006,W,1007282,663912,1671194
2006,W,1033777,660257,1694034
2006,W,997495,663340,1660835
2006,W,1053237,673789,1727026
2006,W,1012046,671054,1683100
2006,W,959706,654291,1613997
2006,W,1026257,653935,1680192
2006,W,1033037,651606,1684643
2006,W,1046870,674951,1721821
2006,W,1001116,668263,1669379
2006,W,935843,610547,1546390
2006,W,1007564,643008,1650572
2006,W,1047208,669094,1716302
2006,W,1039976,661667,1701643
2006,W,998140,658701,1656841
2006,W,1018763,664438,1683201
2006,W,1022880,638117,1660997
2006,W,1022970,651230,1674200
2006,W,980561,616974,1597535
2006,W,628700,393228,1021928
2006,W,1012191,628799,1640990
2006,W,1030255,648239,1678494
2006,W,976231,634505,1610736
2006,W,985569,649626,1635195
2006,W,912314,629776,1542090
2006,W,962864,605349,1568213
2006,W,992857,620241,1613098
2006,W,1015490,629687,1645177
2006,W,921792,603900,1525692
2006,W,952445,626294,1578739
2006,W,995926,609360,1605286
2006,W,991473,612992,1604465
2006,W,1020619,640224,1660843
2006,W,1007667,626704,1634371
2006,W,1002739,632077,1634816
2006,W,990534,591895,1582429
2006,W,1019785,596338,1616123
2006,W,975226,586048,1561274
2006,W,924778,564199,1488977
2006,W,906201,529373,1435574
2006,W,652808,377449,1030257
2006,W,732919,460703,1193622
2006,W,758151,487441,1245592
2006,W,816636,499735,1316371
2007,W,772549,452097,1224646
2007,W,871683,561287,1432970
2007,W,814984,548904,1363888
2007,W,862748,569322,1432070
2007,W,976783,594028,1570811
2007,W,978577,598746,1577323
2007,W,968643,599118,1567761
2007,W,967218,602194,1569412
2007,W,973391,603456,1576847
2007,W,604564,389675,994239
2007,W,978082,620145,1598227
2007,W,977527,618895,1596422
2007,W,982237,620579,1602816
2007,W,978490,617473,1595963
2007,W,1002003,616824,1618827
2007,W,1011645,629993,1641638
2007,W,1006911,629208,1636119
2007,W,988347,630002,1618349
2007,W,901880,600561,1502441
2007,W,945286,594742,1540028
2007,W,952201,604145,1556346
2007,W,943384,598814,1542198
2007,W,1007882,616420,1624302
2007,W,958446,584607,1543053
2007,W,761572,500675,1262247
2007,W,850354,564981,1415335
2007,W,933093,593113,1526206
2007,W,948308,591797,1540105
2007,W,944364,582089,1526453
2007,W,793846,530211,1324057
2007,W,805441,607127,1412568
2007,W,884567,596676,1481243
2007,W,933588,604415,1538003
2007,W,928048,589591,1517639
2007,W,736322,466950,1203272
2007,W,1030943,626057,1657000
2007,W,1036604,631249,1667853
2007,W,1018598,631479,1650077
2007,W,999849,617663,1617512
2007,W,953661,597444,1551105
2007,W,998059,610100,1608159
2007,W,997324,617882,1615206
2007,W,991173,616136,1607309
2007,W,961731,596551,1558282
2007,W,861145,558483,1419628
2007,W,1004928,611416,1616344
2007,W,1000287,611040,1611327
2007,W,1019684,625383,1645067
2007,W,1021269,616768,1638037
2007,W,1009154,613447,1622601
2007,W,1053169,648460,1701629
2007,W,1010219,631196,1641415
2007,W,1011742,635295,1647037
2007,W,1019835,638871,1658706
2007,W,1007874,607303,1615177
2007,W,1031451,620644,1652095
2007,W,970928,596843,1567771
2007,W,1025487,620409,1645896
2007,W,997803,601679,1599482
2007,W,1011806,604279,1616085
2007,W,1010067,606509,1616576
2007,W,981180,608639,1589819
2007,W,1014456,626073,1640529
2007,W,1037493,621496,1658989
2007,W,936869,574727,1511596
2007,W,932688,564461,1497149
2007,W,874823,565985,1440808
2007,W,892666,577450,1470116
2007,W,822387,508529,1330916
2007,W,1002171,601020,1603191
2007,W,1048978,629888,1678866
2007,W,921761,585857,1507618
2007,W,1015749,617734,1633483
2007,W,946466,621763,1568229
2007,W,1057373,622244,1679617
2007,W,1058244,631795,1690039
2007,W,1030970,617779,1648749
2007,W,987896,617546,1605442
2007,W,1049980,647296,1697276
2007,W,1021947,617017,1638964
2007,W,1054294,631249,1685543
2007,W,927830,604311,1532141
2007,W,954930,604957,1559887
2007,W,1017433,617985,1635418
2007,W,1030435,599953,1630388
2007,W,1096741,680365,1777106
2007,W,1067338,617675,1685013
2007,W,1102282,631926,1734208
2007,W,1081903,642564,1724467
2007,W,1059535,610376,1669911
2007,W,1079400,648555,1727955
2007,W,1061512,645132,1706644
2007,W,1065947,654856,1720803
2007,W,1050841,668098,1718939
2007,W,1017451,586905,1604356
2007,W,999166,604844,1604010
2007,W,1028004,625297,1653301
2007,W,1043033,627116,1670149
2007,W,1044582,643462,1688044
2007,W,1039954,614276,1654230
2007,W,1044661,627087,1671748
2007,W,1028065,623366,1651431
2007,W,1009067,617536,1626603
2007,W,995233,611019,1606252
2007,W,1024735,622662,1647397
2007,W,1055384,637763,1693147
2007,W,997007,612977,1609984
2007,W,1079848,654251,1734099
2007,W,988557,611310,1599867
2007,W,1067413,643474,1710887
2007,W,1047624,641107,1688731
2007,W,1041490,656169,1697659
2007,W,1025937,653397,1679334
2007,W,1000007,645161,1645168
2007,W,1015390,660899,1676289
2007,W,955467,654913,1610380
2007,W,944081,653008,1597089
2007,W,1018966,670995,1689961
2007,W,898272,590320,1488592
2007,W,954392,618913,1573305
2007,W,952574,625805,1578379
2007,W,941671,626907,1568578
2007,W,915690,623048,1538738
2007,W,922491,619299,1541790
2007,W,887917,623390,1511307
2007,W,905210,627568,1532778
2007,W,927302,620611,1547913
2007,W,968906,708650,1677556
2007,W,955129,644079,1599208
2007,W,1048504,848262,1896766
2007,W,933153,655871,1589024
2007,W,956208,696508,1652716
2007,W,896820,587889,1484709
2007,W,939774,610001,1549775
2007,W,973860,629790,1603650
2007,W,962640,631002,1593642
2007,W,956346,676306,1632652
2007,W,939642,627282,1566924
2007,W,945057,637429,1582486
2007,W,939708,654848,1594556
2007,W,935717,648112,1583829
2007,W,959207,655992,1615199
2007,W,937452,613805,1551257
2007,W,935763,624166,1559929
2007,W,939278,626658,1565936
2007,W,919288,624338,1543626
2007,W,923332,625772,1549104
2007,W,917757,620439,1538196
2007,W,946285,637331,1583616
2007,W,974958,643448,1618406
2007,W,944912,650901,1595813
2007,W,976842,692273,1669115
2007,W,908881,591244,1500125
2007,W,930259,609984,1540243
2007,W,911127,598593,1509720
2007,W,921233,610768,1532001
2007,W,942284,617817,1560101
2007,W,901029,574616,1475645
2007,W,905711,605080,1510791
2007,W,906121,603458,1509579
2007,W,910468,620464,1530932
2007,W,940525,629675,1570200
2007,W,869663,597026,1466689
2007,W,927597,600468,1528065
2007,W,929593,601469,1531062
2007,W,848806,578731,1427537
2007,W,886880,605153,1492033
2007,W,952232,609440,1561672
2007,W,986289,648482,1634771
2007,W,961627,640436,1602063
2007,W,968474,666661,1635135
2007,W,1012720,674373,1687093
2007,W,1096027,666200,1762227
2007,W,1097897,689499,1787396
2007,W,1068817,689347,1758164
2007,W,1043967,668804,1712771
2007,W,1072218,676612,1748830
2007,W,1108582,679973,1788555
2007,W,1090043,680733,1770776
2007,W,1073415,664991,1738406
2007,W,1070397,669129,1739526
2007,W,1080112,675627,1755739
2007,W,1104193,689330,1793523
2007,W,1098945,692726,1791671
2007,W,1085299,682588,1767887
2007,W,1077275,697999,1775274
2007,W,1065887,649262,1715149
2007,W,1064946,664976,1729922
2007,W,1009515,660197,1669712
2007,W,1093222,675936,1769158
2007,W,1080223,680820,1761043
2007,W,1088750,652510,1741260
2007,W,1129578,669817,1799395
2007,W,1141300,678734,1820034
2007,W,1121496,682778,1804274
2007,W,1108038,681736,1789774
2007,W,857090,563619,1420709
2007,W,1119151,673318,1792469
2007,W,1075443,666054,1741497
2007,W,1080412,674960,1755372
2007,W,1081900,669582,1751482
2007,W,1087003,651751,1738754
2007,W,1084935,664961,1749896
2007,W,1096384,668523,1764907
2007,W,1056395,666975,1723370
2007,W,974134,654836,1628970
2007,W,1056369,648233,1704602
2007,W,1088752,662913,1751665
2007,W,1080803,662981,1743784
2007,W,1072949,672155,1745104
2007,W,1061706,659354,1721060
2007,W,1049394,639837,1689231
2007,W,1088015,654838,1742853
2007,W,1036100,646598,1682698
2007,W,1102515,662120,1764635
2007,W,1019370,640204,1659574
2007,W,1074116,645467,1719583
2007,W,1063193,655389,1718582
2007,W,1010629,643227,1653856
2007,W,1058758,663386,1722144
2007,W,1038131,658500,1696631
2007,W,843086,551847,1394933
2007,W,1095253,660671,1755924
2007,W,1073985,652294,1726279
2007,W,1056246,653620,1709866
2007,W,1063833,645494,1709327
2007,W,1045626,628079,1673705
2007,W,1055688,638081,1693769
2007,W,933046,578739,1511785
2007,W,619195,356064,975259
2007,W,1009519,612439,1621958
2007,W,1044685,629784,1674469
2007,W,1030447,627268,1657715
2007,W,1015386,625742,1641128
2007,W,1064598,631624,1696222
2007,W,1064265,605852,1670117
2007,W,1082140,625524,1707664
2007,W,1024462,623607,1648069
2007,W,1029586,619960,1649546
2007,W,956775,609732,1566507
2007,W,1036018,597674,1633692
2007,W,1002470,605203,1607673
2007,W,1051962,615293,1667255
2007,W,1039827,615948,1655775
2007,W,1045488,611182,1656670
2007,W,968005,564404,1532409
2007,W,1009642,582487,1592129
2007,W,1027855,587683,1615538
2007,W,1016117,578637,1594754
2007,W,1014168,563789,1577957
2007,W,531176,252649,783825
2007,W,707668,399662,1107330
2007,W,773602,462843,1236445
2007,W,747807,463830,1211637
2007,W,669463,405727,1075190
2008,W,699149,471241,1170390
2008,W,783950,517492,1301442
2008,W,851632,537002,1388634
2008,W,988485,588092,1576577
2008,W,990597,592632,1583229
2008,W,1023189,604515,1627704
2008,W,998489,602398,1600887
2008,W,1022368,602428,1624796
2008,W,996258,607357,1603615
2008,W,1013209,616432,1629641
2008,W,1041939,626138,1668077
2008,W,998608,619823,1618431
2008,W,959859,585432,1545291
2008,W,611887,382753,994640
2008,W,992432,615285,1607717
2008,W,974052,605979,1580031
2008,W,910998,588279,1499277
2008,W,859813,565226,1425039
2008,W,1025845,623259,1649104
2008,W,1011729,627428,1639157
2008,W,882014,580657,1462671
2008,W,961357,626504,1587861
2008,W,911151,593534,1504685
2008,W,1004041,608975,1613016
2008,W,1058756,632513,1691269
2008,W,925504,609115,1534619
2008,W,1028104,633781,1661885
2008,W,1031968,622837,1654805
2008,W,818840,559672,1378512
2008,W,819820,553554,1373374
2008,W,1039517,630232,1669749
2008,W,1074632,640598,1715230
2008,W,1036232,618258,1654490
2008,W,715974,456610,1172584
2008,W,967658,595964,1563622
2008,W,961552,601847,1563399
2008,W,1001382,615384,1616766
2008,W,1021900,610589,1632489
2008,W,1003187,602866,1606053
2008,W,970886,605240,1576126
2008,W,1019462,617002,1636464
2008,W,1028392,620602,1648994
2008,W,1049773,618230,1668003
2008,W,890785,556767,1447552
2008,W,1053813,619343,1673156
2008,W,1059027,620660,1679687
2008,W,1055418,624362,1679780
2008,W,1031200,604635,1635835
2008,W,1024901,606737,1631638
2008,W,1062865,633917,1696782
2008,W,1068268,640051,1708319
2008,W,1070019,642018,1712037
2008,W,1077635,647279,1724914
2008,W,897500,584885,1482385
2008,W,909978,593247,1503225
2008,W,945983,608639,1554622
2008,W,955273,600735,1556008
2008,W,767583,493573,1261156
2008,W,1001268,570762,1572030
2008,W,1036465,596853,1633318
2008,W,1050176,603440,1653616
2008,W,986130,588572,1574702
2008,W,1053516,604448,1657964
2008,W,1008940,622143,1631083
2008,W,1114418,637976,1752394
2008,W,1118495,661969,1780464
2008,W,1112511,663802,1776313
2008,W,1115690,653351,1769041
2008,W,1084375,638419,1722794
2008,W,1063269,628618,1691887
2008,W,1092341,646940,1739281
2008,W,994944,620427,1615371
2008,W,999556,629067,1628623
2008,W,1088485,635754,1724239
2008,W,1127401,649135,1776536
2008,W,1064026,661463,1725489
2008,W,1091387,665873,1757260
2008,W,1097367,652105,1749472
2008,W,1088521,651232,1739753
2008,W,1085729,671423,1757152
2008,W,1055157,650232,1705389
2008,W,1021163,649514,1670677
2008,W,1054844,629468,1684312
2008,W,1009567,606882,1616449
2008,W,1091930,652034,1743964
2008,W,1104713,662503,1767216
2008,W,1129443,680679,1810122
2008,W,1082350,641332,1723682
2008,W,1111775,633266,1745041
2008,W,1122716,651484,1774200
2008,W,1045666,631068,1676734
2008,W,1112033,655364,1767397
2008,W,1117011,659889,1776900
2008,W,1070403,630574,1700977
2008,W,1092576,652724,1745300
2008,W,1083589,650904,1734493
2008,W,1092014,662730,1754744
2008,W,1110816,668057,1778873
2008,W,1076847,614865,1691712
2008,W,1085719,634661,1720380
2008,W,1108988,647342,1756330
2008,W,1097500,649513,1747013
2008,W,1074370,622769,1697139
2008,W,1026141,626634,1652775
2008,W,1105899,647402,1753301
2008,W,1090598,653634,1744232
2008,W,1079526,637842,1717368
2008,W,1098574,638006,1736580
2008,W,1073873,643040,1716913
2008,W,1114498,656098,1770596
2008,W,1104182,673642,1777824
2008,W,1087144,661938,1749082
2008,W,1032999,630410,1663409
2008,W,1117614,685952,1803566
2008,W,1100852,696784,1797636
2008,W,1026283,681143,1707426
2008,W,1084190,655268,1739458
2008,W,999214,614395,1613609
2008,W,1033341,643362,1676703
2008,W,1043814,654284,1698098
2008,W,1037717,659852,1697569
2008,W,996558,662324,1658882
2008,W,1019631,625987,1645618
2008,W,1046337,666522,1712859
2008,W,1005969,662936,1668905
2008,W,1052301,685526,1737827
2008,W,1019687,693555,1713242
2008,W,1037295,679631,1716926
2008,W,1098281,694175,1792456
2008,W,1043654,675750,1719404
2008,W,1143777,905742,2049519
2008,W,990782,608485,1599267
2008,W,1052665,666338,1719003
2008,W,1093064,686636,1779700
2008,W,1029219,674645,1703864
2008,W,1059114,682404,1741518
2008,W,1058694,637119,1695813
2008,W,1088616,655456,1744072
2008,W,1063054,651228,1714282
2008,W,1070349,656485,1726834
2008,W,1050847,664271,1715118
2008,W,1024212,635587,1659799
2008,W,1077279,666303,1743582
2008,W,1082583,672801,1755384
2008,W,1062708,695993,1758701
2008,W,1032058,683549,1715607
2008,W,996509,622637,1619146
2008,W,1014276,654547,1668823
2008,W,1009837,641527,1651364
2008,W,976117,652936,1629053
2008,W,1081564,766911,1848475
2008,W,929003,636533,1565536
2008,W,997379,673384,1670763
2008,W,1020516,684080,1704596
2008,W,1024746,683487,1708233
2008,W,1041165,713105,1754270
2008,W,969826,623874,1593700
2008,W,989226,632942,1622168
2008,W,973719,627548,1601267
2008,W,993155,638565,1631720
2008,W,1038006,651338,1689344
2008,W,974311,621522,1595833
2008,W,1012560,662493,1675053
2008,W,1019019,671769,1690788
2008,W,1006682,679508,1686190
2008,W,1009399,677130,1686529
2008,W,1012339,631974,1644313
2008,W,1051063,653148,1704211
2008,W,1040926,650396,1691322
2008,W,1022254,678635,1700889
2008,W,1080840,681463,1762303
2008,W,1131494,681719,1813213
2008,W,1166955,710304,1877259
2008,W,1025296,653827,1679123
2008,W,1171756,698545,1870301
2008,W,1058699,651127,1709826
2008,W,1176865,712792,1889657
2008,W,1167063,719905,1886968
2008,W,1156490,719806,1876296
2008,W,1120112,700943,1821055
2008,W,1140716,692029,1832745
2008,W,1168626,731344,1899970
2008,W,1172871,740575,1913446
2008,W,1169932,739141,1909073
2008,W,1174967,743560,1918527
2008,W,1140486,690356,1830842
2008,W,1163232,707370,1870602
2008,W,1148720,713572,1862292
2008,W,1162318,720003,1882321
2008,W,1090515,708141,1798656
2008,W,1074139,671489,1745628
2008,W,1137377,706085,1843462
2008,W,1197836,724444,1922280
2008,W,1180204,731452,1911656
2008,W,1211992,706967,1918959
2008,W,1166019,698883,1864902
2008,W,1133103,689214,1822317
2008,W,1141745,693515,1835260
2008,W,1161478,703190,1864668
2008,W,1169810,716085,1885895
2008,W,909500,599831,1509331
2008,W,1165787,704419,1870206
2008,W,1115651,694445,1810096
2008,W,1166556,715760,1882316
2008,W,1162723,709679,1872402
2008,W,1092061,674708,1766769
2008,W,1158146,701303,1859449
2008,W,1149832,699333,1849165
2008,W,1144729,703527,1848256
2008,W,1036465,675065,1711530
2008,W,1085873,677343,1763216
2008,W,1129560,690269,1819829
2008,W,1123289,696994,1820283
2008,W,1142793,709395,1852188
2008,W,1135299,709363,1844662
2008,W,1178414,690751,1869165
2008,W,1152333,786405,1938738
2008,W,1156522,715659,1872181
2008,W,1101916,691666,1793582
2008,W,1040709,678770,1719479
2008,W,1000224,656658,1656882
2008,W,891353,599602,1490955
2008,W,1081236,679826,1761062
2008,W,1074912,684049,1758961
2008,W,1133869,683123,1816992
2008,W,1080548,652199,1732747
2008,W,1093821,666335,1760156
2008,W,1114917,670515,1785432
2008,W,1085367,670667,1756034
2008,W,1087614,657879,1745493
2008,W,1060943,638066,1699009
2008,W,1088066,653433,1741499
2008,W,1032378,599978,1632356
2008,W,668376,363454,1031830
2008,W,1060059,635852,1695911
2008,W,1095425,652324,1747749
2008,W,1115007,658630,1773637
2008,W,1063682,651130,1714812
2008,W,1028359,628044,1656403
2008,W,1039370,618281,1657651
2008,W,1000971,619711,1620682
2008,W,1041145,640709,1681854
2008,W,1059298,653239,1712537
2008,W,1016010,626638,1642648
2008,W,899917,564467,1464384
2008,W,906945,632719,1539664
2008,W,982687,615707,1598394
2008,W,995662,618571,1614233
2008,W,894131,596207,1490338
2008,W,703302,474711,1178013
2008,W,742980,501283,1244263
2008,W,626374,339616,965990
2008,W,564107,321342,885449
2008,W,813142,503359,1316501
2008,W,820666,523516,1344182
2008,W,743027,480797,1223824
2009,W,765802,443439,1209241
2009,W,1012207,591455,1603662
2009,W,1006184,600314,1606498
2009,W,991858,606481,1598339
2009,W,1000931,606524,1607455
2009,W,985250,625043,1610293
2009,W,1009651,629944,1639595
2009,W,952091,615363,1567454
2009,W,905548,620646,1526194
2009,W,755677,532219,1287896
2009,W,822136,542180,1364316
2009,W,665251,409551,1074802
2009,W,1018227,624553,1642780
2009,W,1068170,647903,1716073
2009,W,1082611,657786,1740397
2009,W,979795,622633,1602428
2009,W,1024953,633365,1658318
2009,W,1050873,646578,1697451
2009,W,1044085,653089,1697174
2009,W,1040926,648114,1689040
2009,W,1059741,627734,1687475
2009,W,1062276,628819,1691095
2009,W,1058730,636578,1695308
2009,W,1026435,631042,1657477
2009,W,1064605,643718,1708323
2009,W,1090042,639394,1729436
2009,W,1061620,634229,1695849
2009,W,1121451,666014,1787465
2009,W,1001838,637558,1639396
2009,W,943891,620278,1564169
2009,W,1008863,643066,1651929
2009,W,765356,486133,1251489
2009,W,1087248,654156,1741404
2009,W,1030930,637389,1668319
2009,W,1004978,639414,1644392
2009,W,1032282,632936,1665218
2009,W,1030913,619409,1650322
2009,W,1072167,642992,1715159
2009,W,1082105,650665,1732770
2009,W,981515,624424,1605939
2009,W,1045953,631269,1677222
2009,W,866001,570796,1436797
2009,W,1095720,642501,1738221
2009,W,1098350,648398,1746748
2009,W,1105607,658867,1764474
2009,W,1106466,653708,1760174
2009,W,1073249,638209,1711458
2009,W,1026177,636119,1662296
2009,W,1058738,649963,1708701
2009,W,1039462,646252,1685714
2009,W,1075419,656181,1731600
2009,W,1040208,648040,1688248
2009,W,1110747,683241,1793988
2009,W,1051328,653127,1704455
2009,W,1073688,656286,1729974
2009,W,1064573,643149,1707722
2009,W,1007657,598236,1605893
2009,W,1023641,616038,1639679
2009,W,1052157,625381,1677538
2009,W,1053676,633781,1687457
2009,W,969091,614690,1583781
2009,W,1044468,628992,1673460
2009,W,1007561,628945,1636506
2009,W,1103516,658559,1762075
2009,W,1017567,649643,1667210
2009,W,1094889,653334,1748223
2009,W,878367,593691,1472058
2009,W,948719,636189,1584908
2009,W,963532,642963,1606495
2009,W,952099,638401,1590500
2009,W,866040,562197,1428237
2009,W,937261,619681,1556942
2009,W,1028849,642703,1671552
2009,W,1073275,682839,1756114
2009,W,1082379,692868,1775247
2009,W,1087613,695313,1782926
2009,W,1007645,629066,1636711
2009,W,1030738,659154,1689892
2009,W,1040599,679753,1720352
2009,W,1039524,688741,1728265
2009,W,1084984,679180,1764164
2009,W,972593,633164,1605757
2009,W,1043138,650112,1693250
2009,W,1045681,648841,1694522
2009,W,999397,660465,1659862
2009,W,1116163,677684,1793847
2009,W,1081915,667219,1749134
2009,W,1091934,680732,1772666
2009,W,1040297,650834,1691131
2009,W,1071031,675865,1746896
2009,W,1084713,657966,1742679
2009,W,1019002,620480,1639482
2009,W,1070549,675570,1746119
2009,W,979697,640084,1619781
2009,W,1074183,690670,1764853
2009,W,985291,650805,1636096
2009,W,1045190,623839,1669029
2009,W,1072111,650975,1723086
2009,W,1085546,664197,1749743
2009,W,1070609,663646,1734255
2009,W,1052067,637603,1689670
2009,W,998498,634549,1633047
2009,W,1026962,648266,1675228
2009,W,1038163,663980,1702143
2009,W,1064215,677893,1742108
2009,W,1011224,619841,1631065
2009,W,1036601,635007,1671608
2009,W,1092082,659178,1751260
2009,W,1078827,665490,1744317
2009,W,1074738,656345,1731083
2009,W,1003036,633669,1636705
2009,W,1017857,645412,1663269
2009,W,1010707,655620,1666327
2009,W,881200,627380,1508580
2009,W,1067730,722970,1790700
2009,W,969271,636444,1605715
2009,W,913925,644994,1558919
2009,W,978050,671546,1649596
2009,W,970757,684946,1655703
2009,W,868477,622117,1490594
2009,W,957022,623252,1580274
2009,W,978739,644145,1622884
2009,W,937838,642145,1579983
2009,W,969861,659105,1628966
2009,W,985078,708491,1693569
2009,W,961592,649188,1610780
2009,W,962402,648809,1611211
2009,W,1003064,680635,1683699
2009,W,1020960,713778,1734738
2009,W,966889,643223,1610112
2009,W,977293,670829,1648122
2009,W,954018,667258,1621276
2009,W,1002646,673821,1676467
2009,W,938460,672582,1611042
2009,W,975656,638789,1614445
2009,W,975173,644793,1619966
2009,W,984189,650434,1634623
2009,W,990574,683021,1673595
2009,W,954520,667858,1622378
2009,W,963999,643810,1607809
2009,W,986777,683790,1670567
2009,W,973865,654420,1628285
2009,W,959920,673917,1633837
2009,W,968278,686977,1655255
2009,W,939982,648312,1588294
2009,W,956278,667503,1623781
2009,W,958820,672872,1631692
2009,W,926905,680056,1606961
2009,W,997830,674810,1672640
2009,W,945629,612506,1558135
2009,W,966555,645725,1612280
2009,W,965266,653026,1618292
2009,W,958790,673897,1632687
2009,W,900717,695143,1595860
2009,W,920020,624034,1544054
2009,W,950753,672387,1623140
2009,W,951988,666879,1618867
2009,W,946370,674767,1621137
2009,W,969081,683249,1652330
2009,W,854426,594551,1448977
2009,W,948964,636143,1585107
2009,W,917526,624721,1542247
2009,W,922627,630083,1552710
2009,W,946374,633411,1579785
2009,W,966314,634030,1600344
2009,W,993279,680981,1674260
2009,W,921926,651492,1573418
2009,W,934232,664531,1598763
2009,W,974302,674306,1648608
2009,W,975508,658827,1634335
2009,W,1055167,680368,1735535
2009,W,1032505,682877,1715382
2009,W,1063234,714324,1777558
2009,W,1020694,678461,1699155
2009,W,1004429,709373,1713802
2009,W,1097851,711047,1808898
2009,W,1099979,713849,1813828
2009,W,1114404,743271,1857675
2009,W,1101985,714141,1816126
2009,W,1115027,729171,1844198
2009,W,1108929,732849,1841778
2009,W,1112462,745180,1857642
2009,W,1102861,708997,1811858
2009,W,1076200,692304,1768504
2009,W,1098839,708391,1807230
2009,W,1102842,718424,1821266
2009,W,1099145,712276,1811421
2009,W,1010229,697003,1707232
2009,W,1025351,659478,1684829
2009,W,1070466,701863,1772329
2009,W,1092412,723123,1815535
2009,W,1092443,714559,1807002
2009,W,1094376,710954,1805330
2009,W,1110701,690993,1801694
2009,W,1071550,693172,1764722
2009,W,1111089,714396,1825485
2009,W,1063003,714502,1777505
2009,W,1023705,689843,1713548
2009,W,827772,594084,1421856
2009,W,1102805,706201,1809006
2009,W,1077269,703009,1780278
2009,W,1052994,712178,1765172
2009,W,1067868,708838,1776706
2009,W,1094468,697391,1791859
2009,W,1095869,709084,1804953
2009,W,1110910,714863,1825773
2009,W,1051505,708978,1760483
2009,W,932000,664168,1596168
2009,W,1045756,673242,1718998
2009,W,1106013,699054,1805067
2009,W,1091208,699543,1790751
2009,W,1096369,715628,1811997
2009,W,1035778,680089,1715867
2009,W,1099218,681759,1780977
2009,W,1136686,697012,1833698
2009,W,1105418,695322,1800740
2009,W,1114979,710657,1825636
2009,W,1015815,683216,1699031
2009,W,1076270,673433,1749703
2009,W,1090758,686972,1777730
2009,W,908424,620355,1528779
2009,W,1097428,709937,1807365
2009,W,1092994,693142,1786136
2009,W,1061332,668884,1730216
2009,W,1060364,677993,1738357
2009,W,1043248,676849,1720097
2009,W,1021173,682045,1703218
2009,W,1105710,692325,1798035
2009,W,1073100,665885,1738985
2009,W,1054145,665966,1720111
2009,W,997101,612769,1609870
2009,W,647293,378145,1025438
2009,W,1048329,650622,1698951
2009,W,1130467,682786,1813253
2009,W,1094833,673684,1768517
2009,W,1098849,686030,1784879
2009,W,973336,652626,1625962
2009,W,1034149,643604,1677753
2009,W,1031237,661097,1692334
2009,W,985064,649445,1634509
2009,W,875574,598439,1474013
2009,W,980494,627993,1608487
2009,W,1003184,616209,1619393
2009,W,988681,619534,1608215
2009,W,968963,614739,1583702
2009,W,995849,624996,1620845
2009,W,1005529,623684,1629213
2009,W,848265,548679,1396944
2009,W,818602,546637,1365239
2009,W,778855,498841,1277696
2009,W,584096,303611,887707
2009,W,740043,469843,1209886
2009,W,753943,488944,1242887
2009,W,760344,500436,1260780
2009,W,750868,461311,1212179
2010,W,938766,569397,1508163
2010,W,970860,589044,1559904
2010,W,980962,598511,1579473
2010,W,901941,616491,1518432
2010,W,937662,597434,1535096
2010,W,983964,609826,1593790
2010,W,1012053,626651,1638704
2010,W,1031317,632953,1664270
2010,W,1036398,641827,1678225
2010,W,1043125,634202,1677327
2010,W,672311,416744,1089055
2010,W,1083689,661331,1745020
2010,W,1069450,657695,1727145
2010,W,1037561,659269,1696830
2010,W,1061872,642443,1704315
2010,W,1039778,645886,1685664
2010,W,1037134,653753,1690887
2010,W,1022417,648561,1670978
2010,W,1002952,647250,1650202
2010,W,918474,610943,1529417
2010,W,1091041,648428,1739469
2010,W,1062988,651659,1714647
2010,W,1114266,661280,1775546
2010,W,1090369,666455,1756824
2010,W,1047904,641303,1689207
2010,W,1006311,637392,1643703
2010,W,913022,646792,1559814
2010,W,939412,645430,1584842
2010,W,921768,657486,1579254
2010,W,886702,608456,1495158
2010,W,722405,483572,1205977
2010,W,1028597,665769,1694366
2010,W,1028817,663479,1692296
2010,W,1026992,673127,1700119
2010,W,1030451,658459,1688910
2010,W,953759,633739,1587498
2010,W,1015116,659707,1674823
2010,W,996077,660548,1656625
2010,W,1000799,668380,1669179
2010,W,999789,649111,1648900
2010,W,893861,606818,1500679
2010,W,1032445,666762,1699207
2010,W,1062280,674355,1736635
2010,W,1051738,680673,1732411
2010,W,1036156,664445,1700601
2010,W,1013812,651269,1665081
2010,W,1025242,665192,1690434
2010,W,1030470,670440,1700910
2010,W,994390,664881,1659271
2010,W,1013971,662812,1676783
2010,W,996747,648605,1645352
2010,W,1036185,679563,1715748
2010,W,1043518,689789,1733307
2010,W,1036643,690207,1726850
2010,W,1022766,663983,1686749
2010,W,981316,617250,1598566
2010,W,1012454,638684,1651138
2010,W,987466,633221,1620687
2010,W,949845,629016,1578861
2010,W,971169,632589,1603758
2010,W,852199,601592,1453791
2010,W,884276,625592,1509868
2010,W,901476,645780,1547256
2010,W,949879,673448,1623327
2010,W,881173,601009,1482182
2010,W,975213,657842,1633055
2010,W,984899,664805,1649704
2010,W,940753,666668,1607421
2010,W,988825,683625,1672450
2010,W,948808,679699,1628507
2010,W,1008809,689027,1697836
2010,W,1031798,679327,1711125
2010,W,1043690,714316,1758006
2010,W,1040113,728178,1768291
2010,W,1005953,706984,1712937
2010,W,1006105,663348,1669453
2010,W,1023621,685488,1709109
2010,W,1010968,682322,1693290
2010,W,976688,683400,1660088
2010,W,996166,671480,1667646
2010,W,1014665,682134,1696799
2010,W,1022698,697232,1719930
2010,W,981925,695381,1677306
2010,W,971157,697327,1668484
2010,W,1032120,707210,1739330
2010,W,1051064,673932,1724996
2010,W,1047595,687646,1735241
2010,W,1033684,692081,1725765
2010,W,1030345,690306,1720651
2010,W,959307,650935,1610242
2010,W,982426,680635,1663061
2010,W,948970,668287,1617257
2010,W,987926,682843,1670769
2010,W,955701,664390,1620091
2010,W,1022640,708596,1731236
2010,W,951092,643233,1594325
2010,W,976377,669846,1646223
2010,W,1009046,668811,1677857
2010,W,982640,667152,1649792
2010,W,949316,656659,1605975
2010,W,974382,650835,1625217
2010,W,1005290,690144,1695434
2010,W,1004824,688396,1693220
2010,W,995700,697901,1693601
2010,W,994671,694492,1689163
2010,W,1024767,669261,1694028
2010,W,990049,663107,1653156
2010,W,1042401,688706,1731107
2010,W,1013014,679386,1692400
2010,W,1001595,679492,1681087
2010,W,931456,652565,1584021
2010,W,1032439,707821,1740260
2010,W,1019373,707755,1727128
2010,W,979074,845329,1824403
2010,W,955902,662467,1618369
2010,W,948177,686852,1635029
2010,W,1003968,723671,1727639
2010,W,954409,719629,1674038
2010,W,940534,693973,1634507
2010,W,868542,626192,1494734
2010,W,916810,666558,1583368
2010,W,820493,627767,1448260
2010,W,931520,691266,1622786
2010,W,941751,750414,1692165
2010,W,911187,698735,1609922
2010,W,919886,716597,1636483
2010,W,939032,726101,1665133
2010,W,997162,802022,1799184
2010,W,948286,728895,1677181
2010,W,906377,637312,1543689
2010,W,911994,656096,1568090
2010,W,913888,665000,1578888
2010,W,930427,676348,1606775
2010,W,916793,645066,1561859
2010,W,944367,664923,1609290
2010,W,938980,670046,1609026
2010,W,934492,715607,1650099
2010,W,928476,753901,1682377
2010,W,927114,681084,1608198
2010,W,938739,692212,1630951
2010,W,951550,705647,1657197
2010,W,927185,670399,1597584
2010,W,879035,677196,1556231
2010,W,915404,658817,1574221
2010,W,935330,670382,1605712
2010,W,908070,667607,1575677
2010,W,933636,684987,1618623
2010,W,943778,683141,1626919
2010,W,913649,660658,1574307
2010,W,927125,668186,1595311
2010,W,880047,663305,1543352
2010,W,949218,698256,1647474
2010,W,947220,791899,1739119
2010,W,902342,647949,1550291
2010,W,909752,662126,1571878
2010,W,902498,661211,1563709
2010,W,908352,666665,1575017
2010,W,918501,665794,1584295
2010,W,907011,648950,1555961
2010,W,909673,659235,1568908
2010,W,935381,676787,1612168
2010,W,940943,688195,1629138
2010,W,928525,688864,1617389
2010,W,941694,650532,1592226
2010,W,962622,674401,1637023
2010,W,973800,689560,1663360
2010,W,978212,694660,1672872
2010,W,991691,700296,1691987
2010,W,960273,673150,1633423
2010,W,980388,693348,1673736
2010,W,1014776,696657,1711433
2010,W,964759,679832,1644591
2010,W,996297,721206,1717503
2010,W,1067665,723135,1790800
2010,W,1078904,744212,1823116
2010,W,1053439,729328,1782767
2010,W,1067844,740993,1808837
2010,W,1064113,722939,1787052
2010,W,1073013,743702,1816715
2010,W,1077313,757144,1834457
2010,W,1030218,751525,1781743
2010,W,1070710,777601,1848311
2010,W,1040338,712870,1753208
2010,W,1068204,750363,1818567
2010,W,1038052,751724,1789776
2010,W,1067715,767134,1834849
2010,W,966185,750033,1716218
2010,W,1030264,725559,1755823
2010,W,1049114,732828,1781942
2010,W,1044807,734953,1779760
2010,W,1040445,748851,1789296
2010,W,1095244,742857,1838101
2010,W,1049060,710406,1759466
2010,W,1062843,726247,1789090
2010,W,1057375,730113,1787488
2010,W,1048120,753345,1801465
2010,W,1060557,753053,1813610
2010,W,824834,627449,1452283
2010,W,1068010,736048,1804058
2010,W,1024910,726372,1751282
2010,W,1060257,750943,1811200
2010,W,1067602,753653,1821255
2010,W,1038903,717627,1756530
2010,W,1057820,729779,1787599
2010,W,1061125,733950,1795075
2010,W,1053153,747116,1800269
2010,W,987323,727707,1715030
2010,W,1030602,710784,1741386
2010,W,948119,691241,1639360
2010,W,1051715,739161,1790876
2010,W,1023047,735281,1758328
2010,W,1027443,725760,1753203
2010,W,1050239,702890,1753129
2010,W,1053066,711219,1764285
2010,W,1067432,725866,1793298
2010,W,1036639,731024,1767663
2010,W,1034503,723652,1758155
2010,W,1046515,709569,1756084
2010,W,1058688,721276,1779964
2010,W,1065459,729087,1794546
2010,W,882944,660145,1543089
2010,W,951645,714781,1666426
2010,W,1013081,704470,1717551
2010,W,1041704,720439,1762143
2010,W,1033004,717114,1750118
2010,W,984043,712787,1696830
2010,W,1038686,715507,1754193
2010,W,957125,667375,1624500
2010,W,1006493,698730,1705223
2010,W,898974,621938,1520912
2010,W,557867,369071,926938
2010,W,974393,658026,1632419
2010,W,970873,672281,1643154
2010,W,999878,678039,1677917
2010,W,1008349,688764,1697113
2010,W,985527,691211,1676738
2010,W,944575,641755,1586330
2010,W,954467,652015,1606482
2010,W,968593,662398,1630991
2010,W,957337,667827,1625164
2010,W,986800,682824,1669624
2010,W,829736,598167,1427903
2010,W,888812,623467,1512279
2010,W,922552,640490,1563042
2010,W,919713,644539,1564252
2010,W,932601,642967,1575568
2010,W,791684,573110,1364794
2010,W,786351,574097,1360448
2010,W,786757,558711,1345468
2010,W,740052,489295,1229347
2010,W,513353,261461,774814
2010,W,673638,435925,1109563
2010,W,717933,490978,1208911
2010,W,731000,513271,1244271
2010,W,754297,524961,1279258
2010,W,609114,391713,1000827
2011,W,925770,581035,1506805
2011,W,946232,621057,1567289
2011,W,950712,624027,1574739
2011,W,939518,625246,1564764
2011,W,927173,622084,1549257
2011,W,966448,639852,1606300
2011,W,923590,654856,1578446
2011,W,960115,657426,1617541
2011,W,969691,661269,1630960
2011,W,983953,656551,1640504
2011,W,613773,422788,1036561
2011,W,991055,678327,1669382
2011,W,1006033,679355,1685388
2011,W,975376,674347,1649723
2011,W,853208,598356,1451564
2011,W,972155,654573,1626728
2011,W,1006376,680037,1686413
2011,W,1014944,681652,1696596
2011,W,994412,685346,1679758
2011,W,930518,655861,1586379
2011,W,1001892,670399,1672291
2011,W,814985,640223,1455208
2011,W,219234,209287,428521
2011,W,732420,580480,1312900
2011,W,933210,715546,1648756
2011,W,996782,693321,1690103
2011,W,986388,697441,1683829
2011,W,941631,676705,1618336
2011,W,940692,676869,1617561
2011,W,965062,659696,1624758
2011,W,1064293,708790,1773083
2011,W,1041367,702586,1743953
2011,W,1050045,709634,1759679
2011,W,1046143,719471,1765614
2011,W,1053474,710682,1764156
2011,W,706507,504444,1210951
2011,W,1004067,692661,1696728
2011,W,1026312,701009,1727321
2011,W,1030542,708692,1739234
2011,W,1015416,691267,1706683
2011,W,1007930,681614,1689544
2011,W,1064543,709683,1774226
2011,W,1038790,702291,1741081
2011,W,1057767,709973,1767740
2011,W,1019568,681216,1700784
2011,W,889994,640899,1530893
2011,W,1054432,710380,1764812
2011,W,1014632,697366,1711998
2011,W,1019921,707389,1727310
2011,W,1047012,708603,1755615
2011,W,1019671,686277,1705948
2011,W,1025714,699145,1724859
2011,W,1057440,725095,1782535
2011,W,1039329,730561,1769890
2011,W,1028193,706274,1734467
2011,W,1009091,661503,1670594
2011,W,964687,653024,1617711
2011,W,1000324,667467,1667791
2011,W,984660,671765,1656425
2011,W,995334,661865,1657199
2011,W,1005055,674351,1679406
2011,W,1018975,688681,1707656
2011,W,1022399,692860,1715259
2011,W,958648,709483,1668131
2011,W,960123,712981,1673104
2011,W,1021955,695709,1717664
2011,W,1063835,723943,1787778
2011,W,1032831,725191,1758022
2011,W,982880,719890,1702770
2011,W,1006956,701186,1708142
2011,W,999639,696423,1696062
2011,W,1036334,717458,1753792
2011,W,1040300,721206,1761506
2011,W,1016435,720731,1737166
2011,W,966032,691935,1657967
2011,W,861574,655013,1516587
2011,W,862770,627085,1489855
2011,W,895201,684367,1579568
2011,W,919676,685284,1604960
2011,W,767236,583531,1350767
2011,W,970581,685301,1655882
2011,W,1009393,717303,1726696
2011,W,960037,712176,1672213
2011,W,972352,710559,1682911
2011,W,1083692,738332,1822024
2011,W,1040468,694159,1734627
2011,W,1063059,708526,1771585
2011,W,1068494,718706,1787200
2011,W,1045556,720006,1765562
2011,W,1054724,732966,1787690
2011,W,996746,680206,1676952
2011,W,1050936,734088,1785024
2011,W,1022323,724069,1746392
2011,W,1026861,739195,1766056
2011,W,1005681,728981,1734662
2011,W,1002206,683002,1685208
2011,W,1012424,694950,1707374
2011,W,996766,688457,1685223
2011,W,1014161,705964,1720125
2011,W,1027404,710957,1738361
2011,W,997460,682656,1680116
2011,W,1019381,719974,1739355
2011,W,932486,676081,1608567
2011,W,954623,693660,1648283
2011,W,1005068,695755,1700823
2011,W,976956,683927,1660883
2011,W,1077060,728801,1805861
2011,W,1037191,707569,1744760
2011,W,1084952,753705,1838657
2011,W,1026379,723353,1749732
2011,W,1023477,727689,1751166
2011,W,1027909,731488,1759397
2011,W,925826,677601,1603427
2011,W,991111,699233,1690344
2011,W,1005818,726932,1732750
2011,W,1009778,739810,1749588
2011,W,927263,708511,1635774
2011,W,960885,741999,1702884
2011,W,1038570,787772,1826342
2011,W,863375,666828,1530203
2011,W,928457,698702,1627159
2011,W,906400,695241,1601641
2011,W,918605,692002,1610607
2011,W,923487,714821,1638308
2011,W,915375,702396,1617771
2011,W,974240,768178,1742418
2011,W,966399,754551,1720950
2011,W,947943,753565,1701508
2011,W,940403,723107,1663510
2011,W,944119,684091,1628210
2011,W,961177,711577,1672754
2011,W,960396,717952,1678348
2011,W,973648,738968,1712616
2011,W,899672,654659,1554331
2011,W,953976,695840,1649816
2011,W,968000,712673,1680673
2011,W,963077,746693,1709770
2011,W,960761,767058,1727819
2011,W,912074,708169,1620243
2011,W,938830,721231,1660061
2011,W,908375,711617,1619992
2011,W,901635,693073,1594708
2011,W,890894,700452,1591346
2011,W,932136,698802,1630938
2011,W,958271,708596,1666867
2011,W,926794,697817,1624611
2011,W,916275,689617,1605892
2011,W,942044,711542,1653586
2011,W,951492,707492,1658984
2011,W,921043,682755,1603798
2011,W,984399,715612,1700011
2011,W,953514,745527,1699041
2011,W,968013,822093,1790106
2011,W,912362,692657,1605019
2011,W,958406,713624,1672030
2011,W,963575,720504,1684079
2011,W,957398,709254,1666652
2011,W,955597,709694,1665291
2011,W,936932,668224,1605156
2011,W,945179,688071,1633250
2011,W,943997,692781,1636778
2011,W,951134,707426,1658560
2011,W,981727,751679,1733406
2011,W,968715,704225,1672940
2011,W,914499,688649,1603148
2011,W,999361,728732,1728093
2011,W,1003797,744805,1748602
2011,W,997931,710247,1708178
2011,W,988033,712733,1700766
2011,W,991793,719656,1711449
2011,W,1011858,728047,1739905
2011,W,1047270,739620,1786890
2011,W,1001837,741985,1743822
2011,W,1116811,746632,1863443
2011,W,1079256,773670,1852926
2011,W,1058730,770455,1829185
2011,W,1049654,754824,1804478
2011,W,1077578,756209,1833787
2011,W,1101495,775124,1876619
2011,W,1068594,768114,1836708
2011,W,1078395,780369,1858764
2011,W,1061833,774553,1836386
2011,W,1056731,758422,1815153
2011,W,1094671,787667,1882338
2011,W,1090762,780222,1870984
2011,W,1076129,770485,1846614
2011,W,1013491,751348,1764839
2011,W,1028362,733053,1761415
2011,W,1059305,751659,1810964
2011,W,1053206,759071,1812277
2011,W,1051634,753753,1805387
2011,W,1066348,757321,1823669
2017,W,827394,760661,1588055
2011,W,1091676,751034,1842710
2011,W,1090878,767029,1857907
2011,W,1083300,774142,1857442
2011,W,1076741,783363,1860104
2011,W,1074577,783590,1858167
2011,W,857528,669173,1526701
2011,W,1073195,770542,1843737
2011,W,1068602,776561,1845163
2011,W,1011085,773498,1784583
2011,W,1058024,783903,1841927
2011,W,1060560,752887,1813447
2011,W,1054603,759917,1814520
2011,W,987878,738984,1726862
2011,W,1019401,763556,1782957
2011,W,1072848,782981,1855829
2011,W,1054251,747402,1801653
2011,W,1066867,757975,1824842
2011,W,1055199,756804,1812003
2011,W,1061301,771358,1832659
2011,W,993735,758294,1752029
2011,W,1027078,734500,1761578
2011,W,1091676,751034,1842710
2011,W,1090878,767029,1857907
2011,W,1083300,774142,1857442
2011,W,1076741,783363,1860104
2011,W,1074577,783590,1858167
2011,W,857528,669173,1526701
2011,W,1073195,770542,1843737
2011,W,1068602,776561,1845163
2011,W,1011085,773498,1784583
2011,W,1058024,783903,1841927
2011,W,1060560,752887,1813447
2011,W,1054603,759917,1814520
2011,W,987878,738984,1726862
2011,W,1019401,763556,1782957
2011,W,1072848,782981,1855829
2011,W,1054251,747402,1801653
2011,W,1066867,757975,1824842
2011,W,1055199,756804,1812003
2011,W,1061301,771358,1832659
2011,W,993735,758294,1752029
2011,W,1027078,734500,1761578
2011,W,1098741,762893,1861634
2011,W,1077675,764539,1842214
2011,W,1011408,755888,1767296
2011,W,1093806,785515,1879321
2011,W,1061041,749043,1810084
2011,W,1008764,742973,1751737
2011,W,1036190,759696,1795886
2011,W,970822,755282,1726104
2011,W,879535,681237,1560772
2011,W,1047638,741813,1789451
2011,W,1079072,770828,1849900
2011,W,1043071,758159,1801230
2011,W,998699,752834,1751533
2011,W,965671,743405,1709076
2011,W,1039312,726360,1765672
2011,W,986650,714844,1701494
2011,W,992006,680837,1672843
2011,W,652271,435428,1087699
2011,W,1016597,703558,1720155
2011,W,991030,708638,1699668
2011,W,1043354,730140,1773494
2011,W,1089263,747269,1836532
2011,W,1095431,757734,1853165
2011,W,1051712,698735,1750447
2011,W,1035064,712288,1747352
2011,W,1032787,718567,1751354
2011,W,1023297,721739,1745036
2011,W,1006182,726618,1732800
2011,W,988026,673314,1661340
2011,W,1002723,691649,1694372
2011,W,939524,675577,1615101
2011,W,994244,701181,1695425
2011,W,1006755,703365,1710120
2011,W,965235,657231,1622466
2011,W,951363,656796,1608159
2011,W,948139,649395,1597534
2011,W,901280,615248,1516528
2011,W,855427,539186,1394613
2011,W,721508,498735,1220243
2011,W,747970,535232,1283202
2011,W,767769,553630,1321399
2011,W,762618,528085,1290703
2012,W,810076,600940,1411016
2012,W,839010,626372,1465382
2012,W,841665,652474,1494139
2012,W,870446,666379,1536825
2012,W,968136,683105,1651241
2012,W,1019667,698468,1718135
2012,W,1036505,709539,1746044
2012,W,950402,715474,1665876
2012,W,940512,692943,1633455
2012,W,639506,459803,1099309
2012,W,1016429,725950,1742379
2012,W,1017072,722473,1739545
2012,W,983178,711259,1694437
2012,W,826497,746064,1572561
2012,W,1010116,710762,1720878
2012,W,1050018,732063,1782081
2012,W,1051823,734192,1786015
2012,W,1052929,739012,1791941
2012,W,968530,720988,1689518
2012,W,1023037,704317,1727354
2012,W,1059681,731360,1791041
2012,W,1111421,736252,1847673
2012,W,1081236,739698,1820934
2012,W,1014951,714336,1729287
2012,W,1038157,699926,1738083
2012,W,1040979,721937,1762916
2012,W,1069324,738273,1807597
2012,W,1065885,741959,1807844
2012,W,982329,715473,1697802
2012,W,882797,653118,1535915
2012,W,1077348,738384,1815732
2012,W,1051929,726359,1778288
2012,W,1058911,736170,1795081
2012,W,1058544,731415,1789959
2012,W,761004,543889,1304893
2012,W,1036038,726162,1762200
2012,W,1052160,732150,1784310
2012,W,1033787,734839,1768626
2012,W,989267,712507,1701774
2012,W,1023956,703435,1727391
2012,W,1039341,720589,1759930
2012,W,1055847,736007,1791854
2012,W,1075076,739664,1814740
2012,W,1031215,705878,1737093
2012,W,913762,651903,1565665
2012,W,1084176,744478,1828654
2012,W,1060619,736849,1797468
2012,W,1049305,735123,1784428
2012,W,1037776,718371,1756147
2012,W,1015965,715585,1731550
2012,W,1071861,744918,1816779
2012,W,1087551,762671,1850222
2012,W,1061219,763525,1824744
2012,W,1044828,774035,1818863
2012,W,1015401,707467,1722868
2012,W,1043797,718050,1761847
2012,W,1050000,723631,1773631
2012,W,1016361,717170,1733531
2012,W,945472,685518,1630990
2012,W,996549,700972,1697521
2012,W,1024173,723040,1747213
2012,W,1029545,735639,1765184
2012,W,1013994,734424,1748418
2012,W,1001257,709407,1710664
2012,W,935073,696533,1631606
2012,W,972756,720709,1693465
2012,W,954947,724726,1679673
2012,W,933666,750000,1683666
2012,W,861696,642047,1503743
2012,W,1010279,727154,1737433
2012,W,1038779,751834,1790613
2012,W,1053786,760911,1814697
2012,W,1050150,775089,1825239
2012,W,958166,741802,1699968
2012,W,996333,713598,1709931
2012,W,1056910,744763,1801673
2012,W,1031225,736936,1768161
2012,W,989282,743350,1732632
2012,W,994547,737187,1731734
2012,W,1031544,739667,1771211
2012,W,1003275,750511,1753786
2012,W,978891,740777,1719668
2012,W,1044469,760338,1804807
2012,W,1026691,745495,1772186
2012,W,977200,703630,1680830
2012,W,1073425,743154,1816579
2012,W,1060720,754536,1815256
2012,W,1086032,766616,1852648
2012,W,1054307,778105,1832412
2012,W,1000335,731509,1731844
2012,W,1062602,762274,1824876
2012,W,1041744,752170,1793914
2012,W,1036368,743841,1780209
2012,W,1042715,745296,1788011
2012,W,983231,700274,1683505
2012,W,1023348,720962,1744310
2012,W,1013654,734234,1747888
2012,W,1014361,746681,1761042
2012,W,980261,694037,1674298
2012,W,884516,568256,1452772
2012,W,1014156,721698,1735854
2012,W,1019498,738794,1758292
2012,W,1016089,756023,1772112
2012,W,1005567,736144,1741711
2012,W,1012629,719096,1731725
2012,W,1001845,742834,1744679
2012,W,910804,714511,1625315
2012,W,1034827,750848,1785675
2012,W,1035294,726053,1761347
2012,W,1048003,749888,1797891
2012,W,1033815,753512,1787327
2012,W,1031503,768929,1800432
2012,W,1023786,802823,1826609
2012,W,985578,726731,1712309
2012,W,1003612,772974,1776586
2012,W,986995,778465,1765460
2012,W,959511,783352,1742863
2012,W,996431,803508,1799939
2012,W,899886,710839,1610725
2012,W,934909,725980,1660889
2012,W,945821,743331,1689152
2012,W,931983,728067,1660050
2012,W,958498,755020,1713518
2012,W,933417,725550,1658967
2012,W,952845,746532,1699377
2012,W,957566,751428,1708994
2012,W,880771,702116,1582887
2012,W,925177,734451,1659628
2012,W,929572,676617,1606189
2012,W,976022,710361,1686383
2012,W,833954,628259,1462213
2012,W,852806,651815,1504621
2012,W,934404,697423,1631827
2012,W,958191,713798,1671989
2012,W,982452,751429,1733881
2012,W,973681,769452,1743133
2012,W,918812,781300,1700112
2012,W,927149,703975,1631124
2012,W,916666,721980,1638646
2012,W,947611,737720,1685331
2012,W,929760,737674,1667434
2012,W,950944,732949,1683893
2012,W,915219,695786,1611005
2012,W,902916,701367,1604283
2012,W,930185,724487,1654672
2012,W,945792,720070,1665862
2012,W,947151,758858,1706009
2012,W,907631,705435,1613066
2012,W,927014,719885,1646899
2012,W,993124,746620,1739744
2012,W,956268,736721,1692989
2012,W,997248,828673,1825921
2012,W,930469,718004,1648473
2012,W,939745,710734,1650479
2012,W,937937,714729,1652666
2012,W,910038,733293,1643331
2012,W,939807,762585,1702392
2012,W,862334,675894,1538228
2012,W,952867,719794,1672661
2012,W,969450,736768,1706218
2012,W,894461,689521,1583982
2012,W,985722,734329,1720051
2012,W,932342,694224,1626566
2012,W,989240,725406,1714646
2012,W,993443,741288,1734731
2012,W,996707,730663,1727370
2012,W,995467,757933,1753400
2012,W,999090,732088,1731178
2012,W,1022555,752842,1775397
2012,W,1019369,757338,1776707
2012,W,1009624,765912,1775536
2012,W,1051323,787713,1839036
2012,W,1101066,757151,1858217
2012,W,1081742,778985,1860727
2012,W,1106785,787102,1893887
2012,W,1057006,798630,1855636
2012,W,980800,786943,1767743
2012,W,1026114,789589,1815703
2012,W,1024605,785316,1809921
2012,W,991316,793145,1784461
2012,W,1023073,789009,1812082
2012,W,972361,749237,1721598
2012,W,1009476,774593,1784069
2012,W,1090006,805444,1895450
2012,W,1087075,814328,1901403
2012,W,1043281,804809,1848090
2012,W,1067116,777711,1844827
2012,W,1093445,787595,1881040
2012,W,1088775,786511,1875286
2012,W,1082616,810524,1893140
2012,W,1080818,803271,1884089
2012,W,1117666,783378,1901044
2012,W,1108031,806945,1914976
2012,W,1115762,810692,1926454
2012,W,1099004,810084,1909088
2012,W,1069580,808343,1877923
2012,W,977879,713083,1690962
2012,W,1088484,795608,1884092
2012,W,1079860,798154,1878014
2012,W,1085498,807251,1892749
2012,W,1067152,796441,1863593
2012,W,1071312,776921,1848233
2012,W,1081929,792993,1874922
2012,W,1057430,792225,1849655
2012,W,1059957,806783,1866740
2012,W,1051902,801852,1853754
2012,W,1003315,769024,1772339
2012,W,1043067,784378,1827445
2012,W,1081481,804851,1886332
2012,W,1027919,797938,1825857
2012,W,1039677,796666,1836343
2012,W,1035050,759113,1794163
2012,W,1012512,765043,1777555
2012,W,1042048,780984,1823032
2012,W,1092827,795031,1887858
2012,W,1087124,793396,1880520
2012,W,1069691,766701,1836392
2012,W,1050908,768986,1819894
2012,W,1053498,782333,1835831
2012,W,1064006,793455,1857461
2012,W,1065181,798839,1864020
2012,W,823600,666802,1490402
2012,W,1004272,761630,1765902
2012,W,1059509,775491,1835000
2012,W,1058314,786677,1844991
2012,W,1057000,791412,1848412
2012,W,1047309,759037,1806346
2012,W,1049100,772991,1822091
2012,W,990069,705800,1695869
2012,W,589493,413384,1002877
2012,W,1006387,717499,1723886
2012,W,1016872,734908,1751780
2012,W,1030518,750417,1780935
2012,W,1028698,752188,1780886
2012,W,1075641,776494,1852135
2012,W,1069024,742337,1811361
2012,W,1067467,747543,1815010
2012,W,1054367,754701,1809068
2012,W,1030407,751285,1781692
2012,W,1038662,764843,1803505
2012,W,973051,690186,1663237
2012,W,995089,711140,1706229
2012,W,999666,720758,1720424
2012,W,999296,727540,1726836
2012,W,1022704,749478,1772182
2012,W,953565,683683,1637248
2012,W,950660,693703,1644363
2012,W,965895,691879,1657774
2012,W,876460,660268,1536728
2012,W,871165,634264,1505429
2012,W,545733,313210,858943
2012,W,616049,428605,1044654
2012,W,710150,514627,1224777
2012,W,753950,546312,1300262
2012,W,672602,490998,1163600
2013,W,747631,570506,1318137
2013,W,857744,620104,1477848
2013,W,875485,635401,1510886
2013,W,951511,672001,1623512
2013,W,975824,687261,1663085
2013,W,989291,697979,1687270
2013,W,964506,693642,1658148
2013,W,991875,708901,1700776
2013,W,964972,701958,1666930
2013,W,1000831,723460,1724291
2013,W,1000782,726032,1726814
2013,W,1003351,730830,1734181
2013,W,995226,721526,1716752
2013,W,549385,422125,971510
2013,W,865232,654679,1519911
2013,W,952105,697385,1649490
2013,W,958057,708729,1666786
2013,W,920833,707962,1628795
2013,W,1000004,718545,1718549
2013,W,1009440,728633,1738073
2013,W,997461,735084,1732545
2013,W,955113,713918,1669031
2013,W,878531,659888,1538419
2013,W,983474,710890,1694364
2013,W,1021386,733180,1754566
2013,W,1035100,739979,1775079
2013,W,973458,743264,1716722
2013,W,994675,723430,1718105
2013,W,994224,708331,1702555
2013,W,901097,687334,1588431
2013,W,1070447,754178,1824625
2013,W,1054969,758213,1813182
2013,W,1013485,731689,1745174
2013,W,830133,567064,1397197
2013,W,961489,709244,1670733
2013,W,995286,720364,1715650
2013,W,1012672,738526,1751198
2013,W,944394,716784,1661178
2013,W,1032337,718035,1750372
2013,W,917610,707649,1625259
2013,W,1004620,732706,1737326
2013,W,1011461,741077,1752538
2013,W,1030897,726385,1757282
2013,W,1046582,684343,1730925
2013,W,915814,662182,1577996
2013,W,1000963,703897,1704860
2013,W,1039889,724517,1764406
2013,W,1047924,716118,1764042
2013,W,1009909,713865,1723774
2013,W,1017656,738907,1756563
2013,W,1034585,748618,1783203
2013,W,1033042,755471,1788513
2013,W,1002907,771603,1774510
2013,W,971804,715696,1687500
2013,W,990010,723671,1713681
2013,W,980735,721345,1702080
2013,W,999714,729901,1729615
2013,W,1003565,721149,1724714
2013,W,828707,630136,1458843
2013,W,876069,655138,1531207
2013,W,880496,670282,1550778
2013,W,893443,679530,1572973
2013,W,829810,621657,1451467
2013,W,980489,708026,1688515
2013,W,993149,728501,1721650
2013,W,1034924,746014,1780938
2013,W,1015284,759059,1774343
2013,W,996072,746786,1742858
2013,W,977325,737437,1714762
2013,W,999444,740720,1740164
2013,W,960903,717466,1678369
2013,W,982894,752525,1735419
2013,W,994973,753498,1748471
2013,W,992589,717933,1710522
2013,W,1014884,753356,1768240
2013,W,915006,711500,1626506
2013,W,811655,693760,1505415
2013,W,959757,718526,1678283
2013,W,1001200,731504,1732704
2013,W,922329,715764,1638093
2013,W,952859,736305,1689164
2013,W,1008224,755375,1763599
2013,W,999388,750687,1750075
2013,W,1009306,717625,1726931
2013,W,1029285,738733,1768018
2013,W,1077184,762553,1839737
2013,W,1028782,752135,1780917
2013,W,1023402,730511,1753913
2013,W,1017895,729615,1747510
2013,W,1022360,758068,1780428
2013,W,1025713,769649,1795362
2013,W,1003192,721753,1724945
2013,W,972916,725511,1698427
2013,W,961814,713048,1674862
2013,W,1006636,750210,1756846
2013,W,995042,758657,1753699
2013,W,982565,746034,1728599
2013,W,966483,757439,1723922
2013,W,1008704,681176,1689880
2013,W,1013059,689412,1702471
2013,W,982149,687729,1669878
2013,W,987008,693752,1680760
2013,W,1010765,676692,1687457
2013,W,982424,672485,1654909
2013,W,1014424,715430,1729854
2013,W,996198,717726,1713924
2013,W,1044620,719350,1763970
2013,W,1054416,707210,1761626
2013,W,1044555,716102,1760657
2013,W,1024709,716938,1741647
2013,W,1021552,736943,1758495
2013,W,1030362,768035,1798397
2013,W,993550,731202,1724752
2013,W,1027027,752653,1779680
2013,W,969474,718831,1688305
2013,W,1031992,761985,1793977
2013,W,1033513,747980,1781493
2013,W,969085,692856,1661941
2013,W,975403,701224,1676627
2013,W,990561,718139,1708700
2013,W,974707,724184,1698891
2013,W,917934,724999,1642933
2013,W,920436,699721,1620157
2013,W,888128,694726,1582854
2013,W,866326,690875,1557201
2013,W,913619,723050,1636669
2013,W,898642,894811,1793453
2013,W,946062,681252,1627314
2013,W,911309,677994,1589303
2013,W,945848,693445,1639293
2013,W,806355,592583,1398938
2013,W,863581,664506,1528087
2013,W,928137,708853,1636990
2013,W,961940,756010,1717950
2013,W,958922,787568,1746490
2013,W,928925,802562,1731487
2013,W,904464,683553,1588017
2013,W,924281,695896,1620177
2013,W,922657,706991,1629648
2013,W,904388,720245,1624633
2013,W,897959,775821,1673780
2013,W,903084,709718,1612802
2013,W,919858,720357,1640215
2013,W,928256,713067,1641323
2013,W,919260,715876,1635136
2013,W,890066,688728,1578794
2013,W,894999,693570,1588569
2013,W,894122,713697,1607819
2013,W,898783,707557,1606340
2013,W,950707,753887,1704594
2013,W,918087,795020,1713107
2013,W,885007,688747,1573754
2013,W,914261,698763,1613024
2013,W,898114,694946,1593060
2013,W,912994,702001,1614995
2013,W,906417,711160,1617577
2013,W,848703,684985,1533688
2013,W,883243,712564,1595807
2013,W,882740,717664,1600404
2013,W,877526,705604,1583130
2013,W,890423,730276,1620699
2013,W,859701,671949,1531650
2013,W,894283,699558,1593841
2013,W,894827,704103,1598930
2013,W,855068,697777,1552845
2013,W,932928,715975,1648903
2013,W,1020173,696403,1716576
2013,W,1032675,721814,1754489
2013,W,1019457,732138,1751595
2013,W,1048608,759088,1807696
2013,W,1025684,740853,1766537
2013,W,1089544,761455,1850999
2013,W,1077803,769975,1847778
2013,W,1059826,763277,1823103
2013,W,1067536,786864,1854400
2013,W,1052783,752305,1805088
2013,W,1034136,762582,1796718
2013,W,1047538,783710,1831248
2013,W,1050318,812163,1862481
2013,W,1036536,803298,1839834
2013,W,1033555,776155,1809710
2013,W,1049035,788413,1837448
2013,W,1023243,783471,1806714
2013,W,1000885,791208,1792093
2013,W,1034561,800104,1834665
2013,W,1026469,780751,1807220
2013,W,1041341,805859,1847200
2013,W,1055790,810826,1866616
2013,W,1047323,813509,1860832
2013,W,1034355,797916,1832271
2013,W,1007775,765034,1772809
2013,W,1100251,760127,1860378
2013,W,1060370,771294,1831664
2013,W,1073368,776149,1849517
2013,W,1055644,763663,1819307
2013,W,1033503,748714,1782217
2013,W,1062411,762764,1825175
2013,W,1056846,774550,1831396
2013,W,1041043,803786,1844829
2013,W,1033797,792305,1826102
2013,W,836533,678287,1514820
2013,W,1005851,764848,1770699
2013,W,1017742,779074,1796816
2013,W,1025838,789200,1815038
2013,W,1024958,784891,1809849
2013,W,972502,778456,1750958
2013,W,948098,785501,1733599
2013,W,993612,797121,1790733
2013,W,1007402,810665,1818067
2013,W,986527,797551,1784078
2013,W,982644,768974,1751618
2013,W,976102,790974,1767076
2013,W,967902,791183,1759085
2013,W,956055,786574,1742629
2013,W,937537,783970,1721507
2013,W,978017,788454,1766471
2013,W,982549,795511,1778060
2013,W,965938,792044,1757982
2013,W,974582,812279,1786861
2013,W,974269,808267,1782536
2013,W,727925,671720,1399645
2013,W,884181,770609,1654790
2013,W,967800,783483,1751283
2013,W,968420,806089,1774509
2013,W,972734,803561,1776295
2013,W,948312,775101,1723413
2013,W,972260,790434,1762694
2013,W,974233,788003,1762236
2013,W,967167,799283,1766450
2013,W,955058,797556,1752614
2013,W,898537,742488,1641025
2013,W,913171,768042,1681213
2013,W,785887,655899,1441786
2013,W,625605,448939,1074544
2013,W,966367,745892,1712259
2013,W,1011416,772345,1783761
2013,W,1022579,778031,1800610
2013,W,956982,782864,1739846
2013,W,933388,766511,1699899
2013,W,904306,745781,1650087
2013,W,884567,726111,1610678
2013,W,888272,736512,1624784
2013,W,864926,722404,1587330
2013,W,930494,760860,1691354
2013,W,856591,697993,1554584
2013,W,883958,716650,1600608
2013,W,900934,719652,1620586
2013,W,888294,715173,1603467
2013,W,885107,706214,1591321
2013,W,691365,545145,1236510
2013,W,474089,341784,815873
2013,W,557420,438202,995622
2013,W,659876,531774,1191650
2013,W,604796,537971,1142767
2013,W,595963,565346,1161309
2014,W,601103,569395,1170498
2014,W,691262,598290,1289552
2014,W,311075,269542,580617
2014,W,489810,468681,958491
2014,W,806256,687473,1493729
2014,W,860867,727384,1588251
2014,W,872079,725812,1597891
2014,W,948883,762345,1711228
2014,W,923401,761893,1685294
2014,W,940266,761924,1702190
2014,W,927231,765910,1693141
2014,W,909353,743024,1652377
2014,W,599662,502485,1102147
2014,W,855515,734096,1589611
2014,W,872967,737074,1610041
2014,W,825049,715759,1540808
2014,W,763075,680260,1443335
2014,W,502031,472484,974515
2014,W,519517,485867,1005384
2014,W,889744,733780,1623524
2014,W,902855,751471,1654326
2014,W,930172,754479,1684651
2014,W,931825,729128,1660953
2014,W,946438,759960,1706398
2014,W,828739,753984,1582723
2014,W,888288,753787,1642075
2014,W,873759,724771,1598530
2014,W,888500,716772,1605272
2014,W,923651,743715,1667366
2014,W,842139,713255,1555394
2014,W,975061,784280,1759341
2014,W,961152,778342,1739494
2014,W,695931,594339,1290270
2014,W,947147,777183,1724330
2014,W,974552,783745,1758297
2014,W,893699,759455,1653154
2014,W,926827,766802,1693629
2014,W,925043,739926,1664969
2014,W,933471,752744,1686215
2014,W,884516,728685,1613201
2014,W,876615,728137,1604752
2014,W,936301,745915,1682216
2014,W,900837,709629,1610466
2014,W,953477,761357,1714834
2014,W,918971,769178,1688149
2014,W,962802,775465,1738267
2014,W,958096,769821,1727917
2014,W,959467,767043,1726510
2014,W,959134,772592,1731726
2014,W,868232,746895,1615127
2014,W,940113,785327,1725440
2014,W,955810,819256,1775066
2014,W,932779,763579,1696358
2014,W,959483,782899,1742382
2014,W,920270,767680,1687950
2014,W,957032,786292,1743324
2014,W,959387,779226,1738613
2014,W,923396,706637,1630033
2014,W,928067,719323,1647390
2014,W,961287,734053,1695340
2014,W,927050,725889,1652939
2014,W,944696,732211,1676907
2014,W,940176,762112,1702288
2014,W,986346,772459,1758805
2014,W,952475,784201,1736676
2014,W,917123,765726,1682849
2014,W,941118,806643,1747761
2014,W,913081,753038,1666119
2014,W,913012,773383,1686395
2014,W,977698,805182,1782880
2014,W,947682,806042,1753724
2014,W,953384,803062,1756446
2014,W,792277,697727,1490004
2014,W,844484,734464,1578948
2014,W,866995,757767,1624762
2014,W,864791,770728,1635519
2014,W,814560,712086,1526646
2014,W,876478,741631,1618109
2014,W,938052,794547,1732599
2014,W,911681,793484,1705165
2014,W,893970,794395,1688365
2014,W,936028,797851,1733879
2014,W,884033,735132,1619165
2014,W,919869,770461,1690330
2014,W,925494,772097,1697591
2014,W,985012,788162,1773174
2014,W,981085,794448,1775533
2014,W,963691,769476,1733167
2014,W,974250,784430,1758680
2014,W,967197,773634,1740831
2014,W,968856,794388,1763244
2014,W,921741,762641,1684382
2014,W,880457,711215,1591672
2014,W,904717,735362,1640079
2014,W,916259,749500,1665759
2014,W,890597,751405,1642002
2014,W,900252,764035,1664287
2014,W,885010,732346,1617356
2014,W,922226,781529,1703755
2014,W,925959,790957,1716916
2014,W,908285,788319,1696604
2014,W,906712,763127,1669839
2014,W,880521,728464,1608985
2014,W,905284,751880,1657164
2014,W,901067,762505,1663572
2014,W,934382,782522,1716904
2014,W,864622,726524,1591146
2014,W,936306,812230,1748536
2014,W,879397,762035,1641432
2014,W,910818,797899,1708717
2014,W,906586,796373,1702959
2014,W,878784,750337,1629121
2014,W,859477,748307,1607784
2014,W,870560,761366,1631926
2014,W,880810,779426,1660236
2014,W,881991,810893,1692884
2014,W,796802,729177,1525979
2014,W,806325,738327,1544652
2014,W,766725,717546,1484271
2014,W,803296,742211,1545507
2014,W,813597,775063,1588660
2014,W,825185,726655,1551840
2014,W,859711,755376,1615087
2014,W,874922,761775,1636697
2014,W,883107,779277,1662384
2014,W,879565,793688,1673253
2014,W,766381,697417,1463798
2014,W,855553,753101,1608654
2014,W,824805,725327,1550132
2014,W,856556,727253,1583809
2014,W,821674,704301,1525975
2014,W,836929,725372,1562301
2014,W,855793,763164,1618957
2014,W,854968,782968,1637936
2014,W,839507,817078,1656585
2014,W,803242,716634,1519876
2014,W,828927,739993,1568920
2014,W,844384,752925,1597309
2014,W,837907,762599,1600506
2014,W,839720,819331,1659051
2014,W,821289,740142,1561431
2014,W,825700,765642,1591342
2014,W,838958,777929,1616887
2014,W,833052,790076,1623128
2014,W,813032,793426,1606458
2014,W,810122,730188,1540310
2014,W,810857,746646,1557503
2014,W,815885,760415,1576300
2014,W,819409,785640,1605049
2014,W,841692,824658,1666350
2014,W,798672,716949,1515621
2014,W,824134,737875,1562009
2014,W,827073,741608,1568681
2014,W,827473,745930,1573403
2014,W,836918,787177,1624095
2014,W,772003,718836,1490839
2014,W,772713,719699,1492412
2014,W,817833,745654,1563487
2014,W,810388,770920,1581308
2014,W,820884,749693,1570577
2014,W,786527,708188,1494715
2014,W,787767,727891,1515658
2014,W,829572,758067,1587639
2014,W,771537,739451,1510988
2014,W,816652,762365,1579017
2014,W,787836,712661,1500497
2014,W,858520,757206,1615726
2014,W,874420,768933,1643353
2014,W,867478,773821,1641299
2014,W,871087,781881,1652968
2014,W,952266,773307,1725573
2014,W,985184,813174,1798358
2014,W,942676,794090,1736766
2014,W,933196,801886,1735082
2014,W,956395,786501,1742896
2014,W,967610,800307,1767917
2014,W,898549,788458,1687007
2014,W,953091,833378,1786469
2014,W,929062,817716,1746778
2014,W,924594,804175,1728769
2014,W,964802,827582,1792384
2014,W,975664,832609,1808273
2014,W,967453,848591,1816044
2014,W,955896,854602,1810498
2014,W,947353,819134,1766487
2014,W,960506,826655,1787161
2014,W,961323,833600,1794923
2014,W,963447,824454,1787901
2014,W,957961,814285,1772246
2014,W,934648,793644,1728292
2014,W,945847,805360,1751207
2014,W,1010778,825205,1835983
2014,W,960602,820764,1781366
2014,W,954675,811571,1766246
2014,W,957372,798793,1756165
2014,W,971693,814006,1785699
2014,W,972010,822875,1794885
2014,W,969095,838925,1808020
2014,W,954800,839036,1793836
2014,W,743512,714675,1458187
2014,W,914687,814971,1729658
2014,W,956165,826620,1782785
2014,W,959217,848014,1807231
2014,W,949303,844701,1794004
2014,W,939282,801698,1740980
2014,W,947668,814300,1761968
2014,W,959209,818395,1777604
2014,W,949675,829088,1778763
2014,W,943435,815235,1758670
2014,W,940038,792398,1732436
2014,W,953363,812867,1766230
2014,W,944219,813686,1757905
2014,W,951547,830872,1782419
2014,W,894082,800198,1694280
2014,W,995821,805002,1800823
2014,W,971255,805374,1776629
2014,W,990008,827900,1817908
2014,W,941564,821892,1763456
2014,W,873365,802400,1675765
2014,W,938000,786491,1724491
2014,W,759033,698289,1457322
2014,W,911664,797730,1709394
2014,W,866929,789154,1656083
2014,W,911150,794103,1705253
2014,W,863661,758113,1621774
2014,W,846179,755916,1602095
2014,W,889137,774198,1663335
2014,W,899732,786919,1686651
2014,W,898889,787291,1686180
2014,W,857759,746052,1603811
2014,W,889039,780322,1669361
2014,W,738720,652762,1391482
2014,W,525696,424837,950533
2014,W,912339,773048,1685387
2014,W,875970,729798,1605768
2014,W,912722,743704,1656426
2014,W,926053,766316,1692369
2014,W,868378,720814,1589192
2014,W,939372,804113,1743485
2014,W,922765,774798,1697563
2014,W,599316,642981,1242297
2014,W,867861,722656,1590517
2014,W,569843,422543,992386
2014,W,646243,567099,1213342
2014,W,882998,734002,1617000
2014,W,705765,619508,1325273
2014,W,964141,782753,1746894
2014,W,911402,758780,1670182
2014,W,937187,800885,1738072
2014,W,549046,388742,937788
2014,W,857137,716221,1573358
2014,W,914038,763277,1677315
2014,W,654612,559416,1214028
2014,W,720116,617728,1337844
2014,W,871449,725989,1597438
2014,W,833052,790076,1623128
2015,W,871183,738697,1609880
2015,W,913930,754946,1668876
2014,W,838958,777929,1616887
2015,W,656375,527583,1183958
2014,W,813032,793426,1606458
2014,W,825700,765642,1591342
2015,W,898174,760217,1658391
2015,W,771953,679913,1451866
2014,W,828927,739993,1568920
2015,W,905178,756860,1662038
2015,W,913448,764457,1677905
2014,W,855553,753101,1608654
2014,W,821289,740142,1561431
2015,W,898222,748177,1646399
2015,W,881226,743774,1625000
2014,W,856556,727253,1583809
2015,W,558275,579994,1138269
2015,W,753918,657877,1411795
2014,W,839507,817078,1656585
2014,W,836929,725372,1562301
2014,W,803242,716634,1519876
2014,W,839720,819331,1659051
2014,W,854968,782968,1637936
2015,W,899363,760336,1659699
2015,W,885449,742410,1627859
2015,W,902567,747376,1649943
2015,W,597347,502376,1099723
2015,W,933971,754968,1688939
2014,W,824805,725327,1550132
2014,W,810857,746646,1557503
2015,W,922297,763680,1685977
2014,W,815885,760415,1576300
2015,W,715334,639901,1355235
2015,W,903230,761705,1664935
2014,W,855793,763164,1618957
2014,W,821674,704301,1525975
2014,W,810122,730188,1540310
2015,W,896430,738965,1635395
2014,W,819409,785640,1605049
2014,W,844384,752925,1597309
2015,W,508815,509075,1017890
2014,W,837907,762599,1600506
2015,W,903421,736663,1640084
2015,W,957218,791399,1748617
2015,W,966071,770885,1736956
2015,W,857402,755359,1612761
2015,W,905748,752497,1658245
2015,W,947457,806148,1753605
2015,W,632367,563770,1196137
2015,W,576326,575180,1151506
2015,W,857014,700742,1557756
2015,W,932148,780378,1712526
2015,W,936475,750136,1686611
2015,W,912529,745575,1658104
2015,W,901872,728674,1630546
2015,W,911949,740559,1652508
2015,W,959648,768091,1727739
2015,W,883395,729249,1612644
2015,W,965833,772727,1738560
2015,W,652807,547767,1200574
2015,W,847700,697600,1545300
2015,W,833785,707746,1541531
2015,W,912384,715945,1628329
2015,W,953310,790210,1743520
2015,W,909192,744229,1653421
2015,W,817246,693264,1510510
2015,W,888293,726738,1615031
2015,W,928929,771127,1700056
2015,W,939583,768218,1707801
2015,W,953173,767551,1720724
2015,W,950690,801547,1752237
2015,W,904439,735951,1640390
2015,W,925361,736687,1662048
2015,W,955083,778171,1733254
2015,W,932331,760906,1693237
2015,W,904344,727888,1632232
2015,W,937056,771625,1708681
2015,W,903992,736692,1640684
2015,W,922487,753405,1675892
2015,W,909446,732902,1642348
2015,W,934438,770081,1704519
2015,W,935951,752995,1688946
2015,W,916538,734311,1650849
2015,W,928771,750369,1679140
2015,W,916218,780602,1696820
2015,W,906942,760399,1667341
2015,W,925517,780432,1705949
2015,W,935537,799888,1735425
2015,W,918652,769751,1688403
2015,W,993931,835711,1829642
2015,W,925094,787104,1712198
2015,W,934550,793551,1728101
2015,W,890058,791213,1681271
2015,W,912926,782626,1695552
2015,W,908692,760362,1669054
2015,W,908842,761991,1670833
2015,W,902867,759919,1662786
2015,W,941909,789018,1730927
2015,W,925541,769888,1695429
2015,W,931681,779658,1711339
2015,W,921476,784762,1706238
2015,W,828661,757159,1585820
2015,W,807389,711923,1519312
2015,W,926402,784501,1710903
2015,W,748326,711033,1459359
2015,W,878946,743291,1622237
2015,W,921204,783749,1704953
2015,W,974353,784085,1758438
2015,W,933337,756442,1689779
2015,W,907393,762726,1670119
2015,W,897550,761806,1659356
2015,W,946490,796083,1742573
2015,W,814328,681130,1495458
2015,W,892551,800510,1693061
2015,W,904654,770185,1674839
2015,W,936814,818272,1755086
2015,W,956437,810302,1766739
2015,W,904861,796244,1701105
2015,W,869148,743353,1612501
2015,W,908654,767492,1676146
2015,W,822289,750275,1572564
2015,W,951886,789988,1741874
2015,W,921190,804671,1725861
2015,W,912634,795093,1707727
2015,W,923564,817167,1740731
2015,W,813597,727328,1540925
2015,W,869500,775968,1645468
2015,W,821308,787858,1609166
2015,W,817931,774439,1592370
2015,W,964899,794693,1759592
2015,W,942997,757975,1700972
2015,W,759346,731448,1490794
2015,W,915049,801607,1716656
2015,W,938834,797464,1736298
2015,W,891851,759176,1651027
2015,W,854059,812194,1666253
2015,W,893122,813552,1706674
2015,W,867529,914768,1782297
2015,W,840211,794064,1634275
2015,W,773954,748661,1522615
2015,W,932006,792806,1724812
2015,W,835118,751277,1586395
2015,W,797072,730941,1528013
2015,W,808260,791423,1599683
2015,W,933346,779073,1712419
2015,W,898644,811432,1710076
2015,W,911783,818185,1729968
2015,W,919157,784462,1703619
2015,W,802468,762144,1564612
2015,W,817244,772367,1589611
2015,W,829744,785707,1615451
2015,W,820529,760311,1580840
2015,W,831758,765442,1597200
2015,W,813718,760558,1574276
2015,W,820929,778440,1599369
2015,W,848028,813381,1661409
2015,W,822257,809549,1631806
2015,W,858460,803728,1662188
2015,W,834790,871817,1706607
2015,W,844483,783822,1628305
2015,W,860821,774429,1635250
2015,W,841111,770482,1611593
2015,W,859672,775047,1634719
2015,W,856253,834100,1690353
2015,W,834983,794300,1629283
2015,W,814733,820373,1635106
2015,W,833632,751771,1585403
2015,W,844761,785763,1630524
2015,W,772518,716242,1488760
2015,W,836125,771622,1607747
2015,W,886380,762718,1649098
2015,W,819425,749387,1568812
2015,W,801496,768950,1570446
2015,W,827024,782394,1609418
2015,W,823620,770361,1593981
2015,W,848416,782194,1630610
2015,W,825012,795399,1620411
2015,W,816338,770918,1587256
2015,W,817948,790163,1608111
2015,W,825894,811903,1637797
2015,W,850667,773838,1624505
2015,W,775836,708821,1484657
2015,W,784509,727235,1511744
2015,W,839704,762573,1602277
2015,W,858745,851630,1710375
2015,W,824140,774207,1598347
2015,W,830024,818410,1648434
2015,W,838405,768794,1607199
2015,W,836909,760527,1597436
2015,W,782272,745246,1527518
2015,W,831076,798253,1629329
2015,W,929278,829791,1759069
2015,W,966510,821823,1788333
2015,W,993576,848050,1841626
2015,W,931769,854606,1786375
2015,W,949185,840246,1789431
2015,W,759254,776968,1536222
2015,W,895702,853094,1748796
2015,W,956622,840594,1797216
2015,W,930236,819286,1749522
2015,W,916953,824772,1741725
2015,W,929741,805144,1734885
2015,W,927771,851514,1779285
2015,W,916453,837868,1754321
2015,W,981039,837159,1818198
2015,W,882052,792561,1674613
2015,W,967808,831137,1798945
2015,W,942983,852957,1795940
2015,W,910794,826173,1736967
2015,W,909864,799606,1709470
2015,W,924272,872323,1796595
2015,W,947566,842632,1790198
2015,W,946290,860809,1807099
2015,W,954519,845066,1799585
2015,W,885886,756110,1641996
2015,W,955633,882188,1837821
2015,W,914286,822855,1737141
2015,W,951827,863209,1815036
2015,W,930582,803746,1734328
2015,W,936818,855252,1792070
2015,W,935471,837061,1772532
2015,W,942518,835403,1777921
2015,W,915489,828812,1744301
2015,W,959798,851423,1811221
2015,W,948999,805091,1754090
2015,W,907453,800062,1707515
2015,W,950953,875792,1826745
2015,W,956026,853826,1809852
2015,W,928707,823661,1752368
2015,W,869966,802219,1672185
2015,W,946374,835001,1781375
2015,W,947941,873747,1821688
2015,W,942933,838495,1781428
2015,W,970204,854361,1824565
2015,W,893671,808901,1702572
2015,W,837532,804273,1641805
2015,W,987382,830460,1817842
2015,W,880013,801291,1681304
2015,W,877236,781545,1658781
2015,W,870662,756626,1627288
2015,W,898177,805812,1703989
2015,W,940464,817657,1758121
2015,W,755234,738828,1494062
2015,W,925054,832872,1757926
2015,W,942300,851684,1793984
2015,W,443089,410220,853309
2015,W,923927,811177,1735104
2015,W,956176,842035,1798211
2015,W,879349,820988,1700337
2015,W,735265,667707,1402972
2015,W,940362,832141,1772503
2015,W,894949,812590,1707539
2015,W,884290,811595,1695885
2015,W,908305,797597,1705902
2015,W,940609,807065,1747674
2015,W,884506,755882,1640388
2015,W,910018,775695,1685713
2015,W,604409,565772,1170181
2015,W,846033,738908,1584941
2015,W,898172,758242,1656414
2015,W,696473,644071,1340544
2015,W,654312,571814,1226126
2015,W,909606,796080,1705686
2015,W,871638,755292,1626930
2015,W,636706,585337,1222043
2015,W,949925,794768,1744693
2015,W,930083,815301,1745384
2015,W,916281,789224,1705505
2015,W,514171,484349,998520
2015,W,906715,792020,1698735
2015,W,722061,664559,1386620
2015,W,849106,728299,1577405
2015,W,864846,752203,1617049
2015,W,531521,378784,910305
2015,W,912854,801907,1714761
2015,W,638221,571322,1209543
2016,W,795160,725712,1520872
2016,W,841494,732495,1573989
2016,W,872768,764023,1636791
2016,W,883108,764147,1647255
2016,W,855117,762858,1617975
2016,W,753006,694734,1447740
2016,W,858032,742622,1600654
2016,W,760149,705694,1465843
2016,W,856547,733387,1589934
2016,W,873177,766262,1639439
2016,W,869531,745072,1614603
2016,W,926781,759849,1686630
2016,W,846789,727716,1574505
2016,W,833911,739247,1573158
2016,W,846274,736809,1583083
2016,W,925655,772821,1698476
2016,W,859099,758116,1617215
2016,W,858961,752849,1611810
2016,W,887914,761996,1649910
2016,W,882832,768241,1651073
2016,W,901406,778227,1679633
2016,W,829429,703185,1532614
2016,W,877280,771161,1648441
2016,W,862380,742972,1605352
2016,W,785587,731495,1517082
2016,W,850090,742445,1592535
2016,W,863548,751090,1614638
2016,W,810646,727458,1538104
2016,W,865397,749991,1615388
2016,W,439597,405686,845283
2016,W,866884,752703,1619587
2016,W,820833,706242,1527075
2016,W,890949,765309,1656258
2016,W,841282,745168,1586450
2016,W,865486,751104,1616590
2016,W,856911,758524,1615435
2016,W,853904,733167,1587071
2016,W,787220,716663,1503883
2016,W,605584,548390,1153974
2016,W,890627,773317,1663944
2016,W,889758,766940,1656698
2016,W,859775,741922,1601697
2016,W,845669,707127,1552796
2016,W,882030,768961,1650991
2016,W,888084,780687,1668771
2016,W,842760,731858,1574618
2016,W,876232,779846,1656078
2016,W,838201,714672,1552873
2016,W,891134,766072,1657206
2016,W,902888,781301,1684189
2016,W,770638,689517,1460155
2016,W,863201,727343,1590544
2016,W,886599,797977,1684576
2016,W,875707,765919,1641626
2016,W,722960,650870,1373830
2016,W,832775,758014,1590789
2016,W,887592,769441,1657033
2016,W,878633,760062,1638695
2016,W,882188,764033,1646221
2016,W,883059,754750,1637809
2016,W,860700,750353,1611053
2016,W,870740,766595,1637335
2016,W,866171,739174,1605345
2016,W,891580,793590,1685170
2016,W,878043,789042,1667085
2016,W,782419,753786,1536205
2016,W,774694,745040,1519734
2016,W,850705,796616,1647321
2016,W,785035,732335,1517370
2016,W,863513,805071,1668584
2016,W,854155,751951,1606106
2016,W,856722,782591,1639313
2016,W,851050,763128,1614178
2016,W,867670,786281,1653951
2016,W,881603,806015,1687618
2016,W,768704,754746,1523450
2016,W,898889,774877,1673766
2016,W,848592,767974,1616566
2016,W,862743,782134,1644877
2016,W,765854,741141,1506995
2016,W,851720,821158,1672878
2016,W,886265,777658,1663923
2016,W,893284,815629,1708913
2016,W,857791,741710,1599501
2016,W,745475,721051,1466526
2016,W,769172,804635,1573807
2016,W,877873,814758,1692631
2016,W,834308,756160,1590468
2016,W,854725,767439,1622164
2016,W,853656,775073,1628729
2016,W,852594,787476,1640070
2016,W,808244,757981,1566225
2016,W,745409,747479,1492888
2016,W,828551,789678,1618229
2016,W,832864,777260,1610124
2016,W,769179,735491,1504670
2016,W,815440,736551,1551991
2016,W,795162,797424,1592586
2016,W,707452,755165,1462617
2016,W,786823,790177,1577000
2016,W,863284,795251,1658535
2016,W,873275,804156,1677431
2016,W,827684,760210,1587894
2016,W,739138,868062,1607200
2016,W,872679,788650,1661329
2016,W,762562,781653,1544215
2016,W,769513,774128,1543641
2016,W,786060,777948,1564008
2016,W,757817,760840,1518657
2016,W,763112,783020,1546132
2016,W,878407,751259,1629666
2016,W,785446,762810,1548256
2016,W,762764,742502,1505266
2016,W,849532,775198,1624730
2016,W,839788,748287,1588075
2016,W,801439,753953,1555392
2016,W,753543,723488,1477031
2016,W,862529,853441,1715970
2016,W,892290,824890,1717180
2016,W,771626,788995,1560621
2016,W,879217,767760,1646977
2016,W,854036,762707,1616743
2016,W,774239,768719,1542958
2016,W,833427,754244,1587671
2016,W,737845,753156,1491001
2016,W,856701,757395,1614096
2016,W,845450,786422,1631872
2016,W,788803,794496,1583299
2016,W,774728,754918,1529646
2016,W,789537,831925,1621462
2016,W,834157,810149,1644306
2016,W,834141,778823,1612964
2016,W,836089,730287,1566376
2016,W,782892,749136,1532028
2016,W,769128,739158,1508286
2016,W,757860,744827,1502687
2016,W,798706,726939,1525645
2016,W,866785,791667,1658452
2016,W,855438,772464,1627902
2016,W,827322,761469,1588791
2016,W,839566,748976,1588542
2016,W,832088,818467,1650555
2016,W,873112,815928,1689040
2016,W,771611,748753,1520364
2016,W,879141,769834,1648975
2016,W,745499,867964,1613463
2016,W,898541,818665,1717206
2016,W,794813,775495,1570308
2016,W,894311,918735,1813046
2016,W,805970,779020,1584990
2016,W,895184,826518,1721702
2016,W,896918,828891,1725809
2016,W,888731,877814,1766545
2016,W,884539,805839,1690378
2016,W,869861,779618,1649479
2016,W,880209,812195,1692404
2016,W,824006,782126,1606132
2016,W,904869,811807,1716676
2016,W,855499,787727,1643226
2016,W,870533,799130,1669663
2016,W,910863,760434,1671297
2016,W,858960,817595,1676555
2016,W,847394,785404,1632798
2016,W,915987,815309,1731296
2016,W,751955,721826,1473781
2016,W,783253,755236,1538489
2016,W,882599,797585,1680184
2016,W,901884,810090,1711974
2016,W,743211,718317,1461528
2016,W,815110,779334,1594444
2016,W,777389,765854,1543243
2016,W,890736,791317,1682053
2016,W,762943,764267,1527210
2016,W,718167,688590,1406757
2016,W,892963,822190,1715153
2016,W,781438,769199,1550637
2016,W,759254,747942,1507196
2016,W,797432,768053,1565485
2016,W,779186,747672,1526858
2016,W,838151,777158,1615309
2016,W,876768,801123,1677891
2016,W,740297,743427,1483724
2016,W,912435,775906,1688341
2016,W,700723,715035,1415758
2016,W,714940,708958,1423898
2016,W,863211,814264,1677475
2016,W,897609,814897,1712506
2016,W,759970,707087,1467057
2016,W,889641,787112,1676753
2016,W,867704,800137,1667841
2016,W,907872,862105,1769977
2016,W,860741,797545,1658286
2016,W,884989,787408,1672397
2016,W,919088,799529,1718617
2016,W,847144,784336,1631480
2016,W,889769,795780,1685549
2016,W,892797,818230,1711027
2016,W,781400,750329,1531729
2016,W,894210,816014,1710224
2016,W,885587,785121,1670708
2016,W,889307,843488,1732795
2016,W,879935,784678,1664613
2016,W,764690,744165,1508855
2016,W,767967,775031,1542998
2016,W,791868,767220,1559088
2016,W,886146,784139,1670285
2016,W,880748,832417,1713165
2016,W,895104,807016,1702120
2016,W,775862,737801,1513663
2016,W,784341,744176,1528517
2016,W,898125,812240,1710365
2016,W,822281,785246,1607527
2016,W,795778,779493,1575271
2016,W,865500,817596,1683096
2016,W,880506,791870,1672376
2016,W,862939,775439,1638378
2016,W,661576,624827,1286403
2016,W,798901,1146516,1945417
2016,W,844666,758214,1602880
2016,W,837828,756704,1594532
2016,W,887002,809878,1696880
2016,W,873693,811240,1684933
2016,W,852623,768149,1620772
2016,W,871577,771348,1642925
2016,W,931276,815318,1746594
2016,W,496285,411245,907530
2016,W,842332,807250,1649582
2016,W,919828,891357,1811185
2016,W,801243,720824,1522067
2016,W,715260,721083,1436343
2016,W,881225,797235,1678460
2016,W,819907,792361,1612268
2016,W,866812,842885,1709697
2016,W,884662,801320,1685982
2016,W,882063,780569,1662632
2016,W,650356,607020,1257376
2016,W,593626,532909,1126535
2016,W,611176,537443,1148619
2016,W,744691,690845,1435536
2016,W,885401,779287,1664688
2016,W,806718,730968,1537686
2016,W,575294,490822,1066116
2016,W,841336,735184,1576520
2016,W,770713,665402,1436115
2016,W,785276,714038,1499314
2016,W,747188,635174,1382362
2016,W,859470,745095,1604565
2016,W,787062,702745,1489807
2016,W,676407,516584,1192991
2016,W,628159,524474,1152633
2016,W,758686,668762,1427448
2016,W,617119,624213,1241332
2016,W,734884,688959,1423843
2016,W,790418,724726,1515144
2016,W,831766,745626,1577392
2017,W,862784,751315,1614099
2017,W,690503,650650,1341153
2017,W,846658,748201,1594859
2017,W,816750,730837,1547587
2017,W,623736,557822,1181558
2017,W,858498,751336,1609834
2017,W,806014,715290,1521304
2017,W,802404,690624,1493028
2017,W,771359,698254,1469613
2017,W,831467,743587,1575054
2017,W,798511,731616,1530127
2017,W,761376,703982,1465358
2017,W,837214,720932,1558146
2017,W,782899,690415,1473314
2017,W,712423,727042,1439465
2017,W,821828,715787,1537615
2017,W,804320,732007,1536327
2017,W,823084,703811,1526895
2017,W,636491,639970,1276461
2017,W,837430,745915,1583345
2017,W,803730,714551,1518281
2017,W,829925,737976,1567901
2017,W,835362,742180,1577542
2017,W,883845,750500,1634345
2017,W,773792,711194,1484986
2017,W,870130,752585,1622715
2017,W,802941,708026,1510967
2017,W,822423,748703,1571126
2017,W,832724,720483,1553207
2017,W,816876,706282,1523158
2017,W,848951,741773,1590724
2017,W,827779,758060,1585839
2017,W,841498,748709,1590207
2017,W,823901,743065,1566966
2017,W,823654,730508,1554162
2017,W,591800,600277,1192077
2017,W,841425,738941,1580366
2017,W,828074,741389,1569463
2017,W,611987,629939,1241926
2017,W,820536,723532,1544068
2017,W,781139,692776,1473915
2017,W,831398,738525,1569923
2017,W,835641,718304,1553945
2017,W,841278,737535,1578813
2017,W,829125,736551,1565676
2017,W,850254,751257,1601511
2017,W,817750,724078,1541828
2017,W,822007,702129,1524136
2017,W,841181,735910,1577091
2017,W,827885,734586,1562471
2017,W,756598,718864,1475462
2017,W,842926,741459,1584385
2017,W,863043,742729,1605772
2017,W,838312,713858,1552170
2017,W,486791,435039,921830
2017,W,825472,724012,1549484
2017,W,851128,729461,1580589
2017,W,777149,714212,1491361
2017,W,839312,737168,1576480
2017,W,873309,758299,1631608
2017,W,792183,715515,1507698
2017,W,823395,750472,1573867
2017,W,834979,742724,1577703
2017,W,815353,726872,1542225
2017,W,873844,763221,1637065
2017,W,824327,775776,1600103
2017,W,797055,758119,1555174
2017,W,846717,762139,1608856
2017,W,843103,768941,1612044
2017,W,809433,738426,1547859
2017,W,840610,743301,1583911
2017,W,807318,748983,1556301
2017,W,821006,736258,1557264
2017,W,765361,741568,1506929
2017,W,829268,722987,1552255
2017,W,836436,770199,1606635
2017,W,827890,745189,1573079
2017,W,847371,747837,1595208
2017,W,890581,778089,1668670
2017,W,817334,744257,1561591
2017,W,799986,753184,1553170
2017,W,736309,720080,1456389
2017,W,835226,763055,1598281
2017,W,840819,771492,1612311
2017,W,811178,757251,1568429
2017,W,824305,745485,1569790
2017,W,805190,709882,1515072
2017,W,695555,708408,1403963
2017,W,779960,691687,1471647
2017,W,768158,726694,1494852
2017,W,827183,738712,1565895
2017,W,848195,772115,1620310
2017,W,754940,757854,1512794
2017,W,822266,771468,1593734
2017,W,692506,676016,1368522
2017,W,723724,745720,1469444
2017,W,820511,762453,1582964
2017,W,829938,776776,1606714
2017,W,755345,732462,1487807
2017,W,819393,753932,1573325
2017,W,860569,761180,1621749
2017,W,838762,757859,1596621
2017,W,802596,722529,1525125
2017,W,832163,755558,1587721
2017,W,830257,736639,1566896
2017,W,830500,740579,1571079
2017,W,738507,722154,1460661
2017,W,771348,735051,1506399
2017,W,744976,765597,1510573
2017,W,845564,787009,1632573
2017,W,833135,822483,1655618
2017,W,846730,793617,1640347
2017,W,754679,738168,1492847
2017,W,763875,751340,1515215
2017,W,746019,733914,1479933
2017,W,754669,741094,1495763
2017,W,722682,733693,1456375
2017,W,747180,778070,1525250
2017,W,801344,781004,1582348
2017,W,729483,747333,1476816
2017,W,748691,762728,1511419
2017,W,786388,742346,1528734
2017,W,860327,771134,1631461
2017,W,770692,770016,1540708
2017,W,733128,745336,1478464
2017,W,765040,772350,1537390
2017,W,749664,780389,1530053
2017,W,808630,753763,1562393
2017,W,776582,754149,1530731
2017,W,785270,739069,1524339
2017,W,755955,739609,1495564
2017,W,755516,784948,1540464
2017,W,830091,777758,1607849
2017,W,838839,768461,1607300
2017,W,733117,762529,1495646
2017,W,758596,776244,1534840
2017,W,694204,702581,1396785
2017,W,719494,695215,1414709
2017,W,821372,805398,1626770
2017,W,769890,755604,1525494
2017,W,732690,707434,1440124
2017,W,861203,796256,1657459
2017,W,769368,750889,1520257
2017,W,817478,764155,1581633
2017,W,773047,751562,1524609
2017,W,763402,760380,1523782
2017,W,669915,543712,1213627
2017,W,716096,726632,1442728
2017,W,861844,786075,1647919
2017,W,854979,785896,1640875
2017,W,802893,750619,1553512
2017,W,867372,776457,1643829
2017,W,749315,748046,1497361
2017,W,712539,752125,1464664
2017,W,732776,827248,1560024
2017,W,707640,675484,1383124
2017,W,883298,813900,1697198
2017,W,871656,838001,1709657
2017,W,861907,767744,1629651
2017,W,866120,772443,1638563
2017,W,761850,735234,1497084
2017,W,783337,763274,1546611
2017,W,801205,779477,1580682
2017,W,882601,819635,1702236
2017,W,876000,794572,1670572
2017,W,879791,796714,1676505
2017,W,763384,719511,1482895
2017,W,874356,838725,1713081
2017,W,833348,769792,1603140
2017,W,841999,805746,1647745
2017,W,889343,798360,1687703
2017,W,898739,811721,1710460
2017,W,862656,796878,1659534
2017,W,747519,745430,1492949
2017,W,854042,781053,1635095
2017,W,722939,751673,1474612
2017,W,789859,773470,1563329
2017,W,771256,811636,1582892
2017,W,876423,848003,1724426
2017,W,861042,767660,1628702
2017,W,877992,767540,1645532
2017,W,843988,758455,1602443
2017,W,722238,716772,1439010
2017,W,812947,769526,1582473
2017,W,837676,753860,1591536
2017,W,870996,810442,1681438
2017,W,763271,834427,1597698
2017,W,893214,763159,1656373
2017,W,874192,822023,1696215
2017,W,774523,700422,1474945
2017,W,741370,697126,1438496
2017,W,872176,805362,1677538
2017,W,746418,756699,1503117
2017,W,887017,795055,1682072
2017,W,739357,734845,1474202
2017,W,741688,751342,1493030
2017,W,791635,785637,1577272
2017,W,889166,816694,1705860
2017,W,759657,732813,1492470
2017,W,733495,704247,1437742
2017,W,877350,791462,1668812
2017,W,867162,801972,1669134
2017,W,888806,831089,1719895
2017,W,882592,796822,1679414
2017,W,859255,788217,1647472
2017,W,749192,741123,1490315
2017,W,876445,813293,1689738
2017,W,921022,794082,1715104
2017,W,761796,740387,1502183
2017,W,849319,809597,1658916
2017,W,881438,809624,1691062
2017,W,850229,817909,1668138
2017,W,864434,794788,1659222
2017,W,836442,779012,1615454
2017,W,850702,761131,1611833
2017,W,826138,770507,1596645
2017,W,875619,796870,1672489
2017,W,862352,781533,1643885
2017,W,503847,415069,918916
2017,W,825182,745801,1570983
2017,W,847910,753208,1601118
2017,W,741017,721331,1462348
2017,W,881053,780670,1661723
2017,W,677643,620904,1298547
2017,W,815500,755771,1571271
2017,W,850783,772769,1623552
2017,W,846572,758107,1604679
2017,W,866671,772803,1639474
2017,W,839274,726945,1566219
2017,W,840370,747181,1587551
2017,W,831869,773696,1605565
2017,W,860819,800535,1661354
2017,W,871211,785554,1656765
2017,W,794129,741934,1536063
2017,W,398823,327742,726565
2017,W,552051,466865,1018916
2017,W,798144,683898,1482042
2017,W,800995,715178,1516173
2017,W,822703,737397,1560100
2017,W,829498,742215,1571713
2017,W,805911,739840,1545751
2017,W,769444,659956,1429400
2017,W,855387,739950,1595337
2017,W,812618,697684,1510302
2017,W,466856,416016,882872
2017,W,780679,700482,1481161
2017,W,727262,586190,1313452
2017,W,807879,706163,1514042
2017,W,790977,722667,1513644
2017,W,784151,675289,1459440
2017,W,783312,709949,1493261
2017,W,890982,785058,1676040
2017,W,509850,456611,966461
2018,W,807973,724095,1532068
2018,W,807848,709194,1517042
2018,W,808168,710058,1518226
2018,W,786356,718493,1504849
2018,W,831241,740388,1571629
2018,W,507648,514174,1021822
2018,W,783008,695123,1478131
2018,W,813217,734447,1547664
2018,W,780104,684704,1464808
2018,W,815252,729419,1544671
2018,W,808848,731938,1540786
2018,W,598578,587740,1186318
2018,W,787021,713680,1500701
2018,W,783522,708071,1491593
2018,W,832686,743502,1576188
2018,W,808945,738857,1547802
2018,W,784287,701290,1485577
2018,W,719691,695373,1415064
2018,W,782384,727764,1510148
2018,W,781955,711848,1493803
2018,W,846174,756475,1602649
2018,W,692129,686014,1378143
2018,W,688138,684664,1372802
2018,W,798061,715220,1513281
2018,W,829608,731992,1561600
2018,W,838965,719445,1558410
2018,W,672341,608535,1280876
2018,W,846696,743269,1589965
2018,W,480347,490054,970401
2018,W,825842,718649,1544491
2018,W,463868,419604,883472
2018,W,837820,736868,1574688
2018,W,806152,712092,1518244
2018,W,730031,643915,1373946
2018,W,818087,723274,1541361
2018,W,594414,591081,1185495
2018,W,806770,722671,1529441
2018,W,819948,746521,1566469
2018,W,793241,686228,1479469
2018,W,833819,743449,1577268
2018,W,771383,692183,1463566
2018,W,807829,722634,1530463
2018,W,813348,743858,1557206
2018,W,774197,695496,1469693
2018,W,829652,754110,1583762
2018,W,569983,523621,1093604
2018,W,808026,732420,1540446
2018,W,685230,660176,1345406
2018,W,834401,747391,1581792
2018,W,820477,720769,1541246
2018,W,755777,664263,1420040
2018,W,815911,715243,1531154
2018,W,779194,710906,1490100
2018,W,789868,699928,1489796
2018,W,803410,725091,1528501
2018,W,801986,723334,1525320
2018,W,824632,724399,1549031
2018,W,706351,657689,1364040
2018,W,734272,675368,1409640
2018,W,790600,714000,1504600
2018,W,788150,720369,1508519
2018,W,795146,733662,1528808
2018,W,597163,572525,1169688
2018,W,774310,699889,1474199
2018,W,826998,743776,1570774
2018,W,669210,689577,1358787
2018,W,837802,777534,1615336
2018,W,773663,708735,1482398
2018,W,788585,744337,1532922
2018,W,812960,752386,1565346
2018,W,774579,749646,1524225
2018,W,793348,716886,1510234
2018,W,729175,716600,1445775
2018,W,834718,752143,1586861
2018,W,819740,762899,1582639
2018,W,741682,763084,1504766
2018,W,782016,688114,1470130
2018,W,748648,755938,1504586
2018,W,784606,717590,1502196
2018,W,781557,724255,1505812
2018,W,798350,748682,1547032
2018,W,803570,756378,1559948
2018,W,709633,669968,1379601
2018,W,838748,762718,1601466
2018,W,775628,735211,1510839
2018,W,841014,781451,1622465
2018,W,819988,753062,1573050
2018,W,628563,683599,1312162
2018,W,714896,717661,1432557
2018,W,838143,748866,1587009
2018,W,797433,716137,1513570
2018,W,742447,722983,1465430
2018,W,810268,712596,1522864
2018,W,830925,759128,1590053
2018,W,830802,736342,1567144
2018,W,795923,754502,1550425
2018,W,783799,759987,1543786
2018,W,820198,778486,1598684
2018,W,821694,798516,1620210
2018,W,823619,738079,1561698
2018,W,807427,750111,1557538
2018,W,779201,766692,1545893
2018,W,773294,704714,1478008
2018,W,836193,775422,1611615
2018,W,792532,721169,1513701
2018,W,809607,728488,1538095
2018,W,817204,753661,1570865
2018,W,820746,726476,1547222
2018,W,751395,758891,1510286
2018,W,821267,742969,1564236
2018,W,816056,720417,1536473
2018,W,813320,757935,1571255
2018,W,824209,733303,1557512
2018,W,742924,686671,1429595
2018,W,876677,777780,1654457
2018,W,807735,743467,1551202
2018,W,783296,728207,1511503
2018,W,851045,773824,1624869
2018,W,817980,746550,1564530
2018,W,827983,774273,1602256
2018,W,730834,709948,1440782
2018,W,797393,730669,1528062
2018,W,734332,744015,1478347
2018,W,826465,778366,1604831
2018,W,840135,744199,1584334
2018,W,849255,770269,1619524
2018,W,779092,768531,1547623
2018,W,812450,735681,1548131
2018,W,734869,678249,1413118
2018,W,771705,716848,1488553
2018,W,652746,615715,1268461
2018,W,720068,699130,1419198
2018,W,742452,704612,1447064
2018,W,766160,742163,1508323
2018,W,772083,765257,1537340
2018,W,755211,766466,1521677
2018,W,753196,784018,1537214
2018,W,731999,700335,1432334
2018,W,768143,739651,1507794
2018,W,770336,745511,1515847
2018,W,765291,780813,1546104
2018,W,721413,762815,1484228
2018,W,742296,746950,1489246
2018,W,766503,775343,1541846
2018,W,763505,768014,1531519
2018,W,758033,781151,1539184
2018,W,729506,741794,1471300
2018,W,718899,721661,1440560
2018,W,733107,729861,1462968
2018,W,778530,757280,1535810
2018,W,743458,861954,1605412
2018,W,765341,831628,1596969
2018,W,688147,687412,1375559
2018,W,710000,702495,1412495
2018,W,737497,726837,1464334
2018,W,725134,727089,1452223
2018,W,728844,757214,1486058
2018,W,705028,681926,1386954
2018,W,722447,739143,1461590
2018,W,710743,720004,1430747
2018,W,720279,712077,1432356
2018,W,702584,697625,1400209
2018,W,668029,672736,1340765
2018,W,714668,705759,1420427
2018,W,747818,711067,1458885
2018,W,751380,748147,1499527
2018,W,692290,698828,1391118
2018,W,751100,740835,1491935
2018,W,751236,764285,1515521
2018,W,752668,767691,1520359
2018,W,776906,780357,1557263
2018,W,773345,726643,1499988
2018,W,864262,756397,1620659
2018,W,854763,785143,1639906
2018,W,819596,786139,1605735
2018,W,814560,796057,1610617
2018,W,844530,792245,1636775
2018,W,861007,818737,1679744
2018,W,865443,835997,1701440
2018,W,851071,821484,1672555
2018,W,841332,833730,1675062
2018,W,839178,794968,1634146
2018,W,846003,796654,1642657
2018,W,844257,786851,1631108
2018,W,840571,812664,1653235
2018,W,829287,806274,1635561
2018,W,829917,806181,1636098
2018,W,843206,813982,1657188
2018,W,868419,838474,1706893
2018,W,858664,847133,1705797
2018,W,824823,816264,1641087
2018,W,878697,808415,1687112
2018,W,870588,824655,1695243
2018,W,910415,829500,1739915
2018,W,875646,845234,1720880
2018,W,798129,781321,1579450
2018,W,700116,719617,1419733
2018,W,882871,813161,1696032
2018,W,831398,794576,1625974
2018,W,860410,817569,1677979
2018,W,824598,776261,1600859
2018,W,836275,778324,1614599
2018,W,856815,802082,1658897
2018,W,866716,807188,1673904
2018,W,858568,814542,1673110
2018,W,814805,774539,1589344
2018,W,841090,769144,1610234
2018,W,858222,793605,1651827
2018,W,855770,795929,1651699
2018,W,846179,802796,1648975
2018,W,842904,777822,1620726
2018,W,835732,766123,1601855
2018,W,851167,785017,1636184
2018,W,840619,776366,1616985
2018,W,866316,798312,1664628
2018,W,785859,754310,1540169
2018,W,853379,770186,1623565
2018,W,836999,764653,1601652
2018,W,841086,783160,1624246
2018,W,841232,797333,1638565
2018,W,796310,751427,1547737
2018,W,652992,652215,1305207
2018,W,824479,769160,1593639
2018,W,820013,766177,1586190
2018,W,768946,764868,1533814
2018,W,816628,783218,1599846
2018,W,803920,740162,1544082
2018,W,807383,741467,1548850
2018,W,649866,605419,1255285
2018,W,473453,393241,866694
2018,W,681371,647084,1328455
2018,W,788682,742355,1531037
2018,W,804497,749760,1554257
2018,W,809744,764611,1574355
2018,W,840494,760471,1600965
2018,W,831431,731079,1562510
2018,W,835143,745696,1580839
2018,W,816399,736966,1553365
2018,W,820745,757102,1577847
2018,W,785144,731440,1516584
2018,W,794682,706501,1501183
2018,W,817284,731059,1548343
2018,W,809305,727070,1536375
2018,W,804783,738003,1542786
2018,W,789944,724198,1514142
2018,W,791252,668008,1459260
2018,W,794636,701867,1496503
2018,W,799278,700814,1500092
2018,W,762587,682043,1444630
2018,W,727571,633479,1361050
2018,W,422369,279324,701693
2018,W,515030,411993,927023
2018,W,509948,453029,962977
2018,W,577497,493961,1071458
2018,W,463165,386058,849223
2019,W,591006,573542,1164548
2019,W,664442,627781,1292223
2019,W,668812,628514,1297326
2019,W,723023,662470,1385493
2019,W,784085,701693,1485778
2019,W,747949,685444,1433393
2019,W,747850,690162,1438012
2019,W,763718,679115,1442833
2019,W,756590,705571,1462161
2019,W,783113,720095,1503208
2019,W,800537,728048,1528585
2019,W,800348,734929,1535277
2019,W,776640,700006,1476646
2019,W,445534,401503,847037
2019,W,757962,712125,1470087
2019,W,764136,718899,1483035
2019,W,745872,711300,1457172
2019,W,568100,590674,1158774
2019,W,668192,678810,1347002
2019,W,581664,579917,1161581
2019,W,124154,97917,222071
2019,W,282336,243912,526248
2019,W,683059,648091,1331150
2019,W,808055,718764,1526819
2019,W,808858,734181,1543039
2019,W,799164,727769,1526933
2019,W,789342,732351,1521693
2019,W,710682,655823,1366505
2019,W,779386,704667,1484053
2019,W,741083,698387,1439470
2019,W,795205,728764,1523969
2019,W,824482,746611,1571093
2019,W,754152,687932,1442084
2019,W,555501,519409,1074910
2019,W,812492,725195,1537687
2019,W,779660,717172,1496832
2019,W,813056,727504,1540560
2019,W,798311,702988,1501299
2019,W,762857,680844,1443701
2019,W,773049,699462,1472511
2019,W,797800,711827,1509627
2019,W,783920,714700,1498620
2019,W,812238,682969,1495207
2019,W,699086,635353,1334439
2019,W,761781,692945,1454726
2019,W,790908,708876,1499784
2019,W,790299,711428,1501727
2019,W,781577,684186,1465763
2019,W,784354,697758,1482112
2019,W,816229,729476,1545705
2019,W,785256,727150,1512406
2019,W,777417,726502,1503919
2019,W,769660,716230,1485890
2019,W,786322,711535,1497857
2019,W,812217,727732,1539949
2019,W,782960,712714,1495674
2019,W,795501,719946,1515447
2019,W,784281,695716,1479997
2019,W,761448,666862,1428310
2019,W,794453,688849,1483302
2019,W,802407,693509,1495916
2019,W,782670,692421,1475091
2019,W,764086,667916,1432002
2019,W,825150,707874,1533024
2019,W,815370,727263,1542633
2019,W,846418,744443,1590861
2019,W,791393,735719,1527112
2019,W,754962,710414,1465376
2019,W,823032,754465,1577497
2019,W,791556,747311,1538867
2019,W,760548,731858,1492406
2019,W,771911,746596,1518507
2019,W,795077,731825,1526902
2019,W,694149,679904,1374053
2019,W,725056,709023,1434079
2019,W,710771,699083,1409854
2019,W,654819,675919,1330738
2019,W,643329,619953,1263282
2019,W,767623,692515,1460138
2019,W,806358,747351,1553709
2019,W,813407,759394,1572801
2019,W,820219,770006,1590225
2019,W,806103,731398,1537501
2019,W,729815,673476,1403291
2019,W,757497,707685,1465182
2019,W,841583,729104,1570687
2019,W,787163,728705,1515868
2019,W,834369,750517,1584886
2019,W,803622,724230,1527852
2019,W,805130,738981,1544111
2019,W,822516,755171,1577687
2019,W,810976,751965,1562941
2019,W,816268,749306,1565574
2019,W,783657,704326,1487983
2019,W,808863,722423,1531286
2019,W,810290,724761,1535051
2019,W,768250,714282,1482532
2019,W,758399,691390,1449789
2019,W,781061,721397,1502458
2019,W,777647,723782,1501429
2019,W,811376,756639,1568015
2019,W,801697,766717,1568414
2019,W,749827,681443,1431270
2019,W,769069,694292,1463361
2019,W,791059,717681,1508740
2019,W,792091,735508,1527599
2019,W,817633,738322,1555955
2019,W,814607,731571,1546178
2019,W,797511,749759,1547270
2019,W,817943,764911,1582854
2019,W,819351,773638,1592989
2019,W,797917,760907,1558824
2019,W,787528,717811,1505339
2019,W,812806,748133,1560939
2019,W,768907,722333,1491240
2019,W,784003,758006,1542009
2019,W,786956,769162,1556118
2019,W,739714,684609,1424323
2019,W,783381,747919,1531300
2019,W,762852,735207,1498059
2019,W,754094,755009,1509103
2019,W,741691,748258,1489949
2019,W,713826,694599,1408425
2019,W,790945,756023,1546968
2019,W,778502,758880,1537382
2019,W,763256,757999,1521255
2019,W,742317,717591,1459908
2019,W,751938,691817,1443755
2019,W,732483,698347,1430830
2019,W,761825,694945,1456770
2019,W,593204,492198,1085402
2019,W,738529,696647,1435176
2019,W,760765,733255,1494020
2019,W,750223,735504,1485727
2019,W,761712,767177,1528889
2019,W,738700,777202,1515902
2019,W,733408,723684,1457092
2019,W,736299,746731,1483030
2019,W,751727,751160,1502887
2019,W,681127,699545,1380672
2019,W,700392,721558,1421950
2019,W,733191,716299,1449490
2019,W,754783,731712,1486495
2019,W,754694,737880,1492574
2019,W,746240,746890,1493130
2019,W,728460,713766,1442226
2019,W,677033,663313,1340346
2019,W,744356,721545,1465901
2019,W,738630,739592,1478222
2019,W,763703,795333,1559036
2019,W,740366,804952,1545318
2019,W,727517,724021,1451538
2019,W,737702,738151,1475853
2019,W,745371,746207,1491578
2019,W,746213,735310,1481523
2019,W,720081,716084,1436165
2019,W,672626,659442,1332068
2019,W,715539,697693,1413232
2019,W,708180,698339,1406519
2019,W,723069,703513,1426582
2019,W,699501,675393,1374894
2019,W,697759,669727,1367486
2019,W,670195,689224,1359419
2019,W,732929,724089,1457018
2019,W,739175,741995,1481170
2019,W,720876,723775,1444651
2019,W,693566,678343,1371909
2019,W,776670,740341,1517011
2019,W,772893,736506,1509399
2019,W,769645,747141,1516786
2019,W,761440,717490,1478930
2020,W,651421,565139,1216560
2020,W,688165,578202,1266367
2020,W,750349,659521,1409870
2020,W,775765,677497,1453262
2020,W,744261,665227,1409488
2020,W,758063,679244,1437307
2020,W,753866,654344,1408210
2020,W,775861,699927,1475788
2020,W,807239,720277,1527516
2020,W,794821,720057,1514878
2020,W,774375,715978,1490353
2020,W,737073,687789,1424862
2020,W,477995,410324,888319
2020,W,789718,712386,1502104
2020,W,794213,715399,1509612
2020,W,768601,717469,1486070
2020,W,745526,677320,1422846
2020,W,790014,697371,1487385
2020,W,802484,715500,1517984
2020,W,793740,711177,1504917
2020,W,787640,718793,1506433
2020,W,735622,665472,1401094
2020,W,816538,689308,1505846
2020,W,806946,710072,1517018
2020,W,802795,707772,1510567
2020,W,761859,701795,1463654
2020,W,778480,676805,1455285
2020,W,799851,694168,1494019
2020,W,819275,717350,1536625
2020,W,785838,697300,1483138
2020,W,746798,689019,1435817
2020,W,674960,628729,1303689
2020,W,567523,502927,1070450
2020,W,815098,711305,1526403
2020,W,804097,707598,1511695
2020,W,778698,700575,1479273
2020,W,782853,675973,1458826
2020,W,789498,682036,1471534
2020,W,781725,693749,1475474
2020,W,756936,682501,1439437
2020,W,778992,698886,1477878
2020,W,786008,665937,1451945
2020,W,785700,666046,1451746
2020,W,834640,701777,1536417
2020,W,815420,699192,1514612
2020,W,803260,698732,1501992
2020,W,767084,655010,1422094
2020,W,736013,647602,1383615
2020,W,787025,678996,1466021
2020,W,767610,660739,1428349
2020,W,737628,601682,1339310
2020,W,674594,496474,1171068
2019,W,821674,738399,1560073
2019,W,861286,762868,1624154
2019,W,853186,800432,1653618
2019,W,821645,744323,1565968
2019,W,829266,737160,1566426
2019,W,856513,769458,1625971
2019,W,848169,777407,1625576
2019,W,845028,795224,1640252
2019,W,822197,800812,1623009
2019,W,825739,777685,1603424
2019,W,856186,797063,1653249
2019,W,859904,807081,1666985
2019,W,845624,816086,1661710
2019,W,830757,803291,1634048
2019,W,832762,766712,1599474
2019,W,850825,780378,1631203
2019,W,859089,781453,1640542
2019,W,853333,791418,1644751
2019,W,734962,699996,1434958
2019,W,850333,738159,1588492
2019,W,905477,772082,1677559
2019,W,844694,765652,1610346
2019,W,885919,781701,1667620
2019,W,851906,740946,1592852
2019,W,845146,748413,1593559
2019,W,868009,773805,1641814
2019,W,857532,766121,1623653
2019,W,855556,803767,1659323
2019,W,776609,762011,1538620
2019,W,666607,698402,1365009
2019,W,844826,788101,1632927
2019,W,845543,782133,1627676
2019,W,787285,790202,1577487
2019,W,762811,778466,1541277
2019,W,739027,727743,1466770
2019,W,772142,750644,1522786
2019,W,789783,791468,1581251
2019,W,790853,766559,1557412
2019,W,757907,729221,1487128
2019,W,762580,729809,1492389
2019,W,781400,752054,1533454
2019,W,733054,721966,1455020
2019,W,698934,693962,1392896
2019,W,798542,719267,1517809
2019,W,848867,749735,1598602
2019,W,855055,769233,1624288
2019,W,840399,762015,1602414
2019,W,821063,768460,1589523
2019,W,718820,702518,1421338
2019,W,590714,604475,1195189
2019,W,756604,724448,1481052
2019,W,762247,729140,1491387
2019,W,764328,745044,1509372
2019,W,794430,732607,1527037
2019,W,807951,731335,1539286
2019,W,822152,755257,1577409
2019,W,839934,756096,1596030
2019,W,790016,752762,1542778
2019,W,817445,782838,1600283
2019,W,810928,721624,1532552
2019,W,791651,707015,1498666
2019,W,669245,576379,1245624
2019,W,480801,373012,853813
2019,W,803894,702424,1506318
2019,W,849440,732651,1582091
2019,W,837738,739104,1576842
2019,W,833516,761399,1594915
2019,W,799551,729231,1528782
2019,W,786431,690443,1476874
2019,W,770888,697269,1468157
2019,W,753922,692730,1446652
2019,W,787393,716707,1504100
2019,W,788504,704438,1492942
2019,W,743694,648766,1392460
2019,W,765207,678194,1443401
2019,W,734493,658439,1392932
2019,W,745959,664554,1410513
2019,W,731997,640236,1372233
2019,W,601685,501524,1103209
2019,W,462098,310604,772702
2019,W,517911,402948,920859
2019,W,552198,445835,998033
2019,W,544713,480721,1025434
2019,W,511289,431677,942966
2020,W,493179,284844,778023
2020,W,390091,217294,607385
2020,W,320242,179316,499558
2020,W,305501,163013,468514
2020,W,303882,152797,456679
2020,W,212121,103992,316113
2020,W,220319,105312,325631
2020,W,229414,106913,336327
2020,W,211746,100860,312606
2020,W,220715,102714,323429
2020,W,208762,96996,305758
2020,W,200537,94709,295246
2020,W,235503,100042,335545
2020,W,214222,95183,309405
2020,W,240528,101015,341543
2020,W,199323,89714,289037
2020,W,202629,90824,293453
2020,W,197789,88894,286683
2020,W,189898,86725,276623
2020,W,202934,85608,288542
2020,W,199679,79074,278753
2020,W,196277,79616,275893
2020,W,199545,78844,278389
2020,W,213862,79764,293626
2020,W,205280,77935,283215
2020,W,225938,79017,304955
2020,W,219120,77886,297006
2020,W,213080,77822,290902
2020,W,214131,77918,292049
2020,W,225498,78966,304464
2020,W,230903,77830,308733
2020,W,229831,79284,309115
2020,W,205453,74942,280395
2020,W,224948,79783,304731
2020,W,272700,89139,361839
2020,W,244960,79706,324666
2020,W,224885,77485,302370
2020,W,248434,82526,330960
2020,W,247597,83941,331538
2020,W,242402,82107,324509
2020,W,236521,77650,314171
2020,W,244938,81217,326155
2020,W,259169,83529,342698
2020,W,211894,76152,288046
2020,W,261148,82454,343602
2020,W,242568,80822,323390
2020,W,228412,79752,308164
2020,W,253916,85596,339512
2020,W,244336,85164,329500
2020,W,255894,86436,342330
2020,W,260758,84940,345698
2020,W,258713,86518,345231
2020,W,250675,86579,337254
2020,W,265087,92565,357652
2020,W,146931,27517,174448
2020,W,154414,31544,185958
2020,W,207502,68423,275925
2020,W,236590,83605,320195
2020,W,252137,90734,342871
2020,W,263520,100516,364036
2020,W,245154,98717,343871
2020,W,258523,101685,360208
2020,W,282597,110709,393306
2020,W,276051,113656,389707
2020,W,294517,111956,406473
2020,W,301881,114566,416447
2020,W,306380,117798,424178
2020,W,305028,119506,424534
2020,W,303502,125162,428664
2020,W,260524,114622,375146
2020,W,299680,131100,430780
2020,W,286680,133015,419695
2020,W,304522,139288,443810
2020,W,275240,130402,405642
2020,W,279383,133291,412674
2020,W,298563,140782,439345
2020,W,327984,148683,476667
2020,W,320859,149071,469930
2020,W,301317,143054,444371
2020,W,300508,147310,447818
2020,W,301892,149845,451737
2020,W,301260,149971,451231
2020,W,312226,155529,467755
2020,W,309700,149117,458817
2020,W,312379,152758,465137
2020,W,295648,147794,443442
2020,W,306288,154912,461200
2020,W,315882,161335,477217
2020,W,307261,149404,456665
2020,W,297659,148632,446291
2020,W,306629,152652,459281
2020,W,315401,156970,472371
2020,W,318269,161024,479293
2020,W,295579,144168,439747
2020,W,314899,153221,468120
2020,W,305332,152279,457611
2020,W,307576,156312,463888
2020,W,338021,164604,502625
2020,W,324028,152552,476580
2020,W,326128,157759,483887
2020,W,319021,157695,476716
2020,W,320751,159609,480360
2020,W,326107,164886,490993
2020,W,250672,96642,347314
2020,W,309009,138581,447590
2020,W,313739,146680,460419
2020,W,313917,150941,464858
2020,W,315311,155653,470964
2020,W,304431,147684,452115
2020,W,313038,155406,468444
2020,W,317835,158653,476488
2020,W,317199,160843,478042
2020,W,322563,165104,487667
2020,W,295919,152126,448045
2020,W,306720,156020,462740
2020,W,311882,158419,470301
2020,W,307570,159603,467173
2020,W,313712,163890,477602
2020,W,312659,156093,468752
2020,W,320186,157112,477298
2020,W,335025,167989,503014
2020,W,347516,172408,519924
2020,W,339339,176834,516173
2020,W,288854,151558,440412
2020,W,318510,162823,481333
2020,W,320927,167696,488623
2020,W,323815,172643,496458
2020,W,314508,159479,473987
2020,W,323465,166872,490337
2020,W,323500,171467,494967
2020,W,322703,171455,494158
2020,W,329339,179021,508360
2020,W,312717,160531,473248
2020,W,324554,166852,491406
2020,W,326416,169407,495823
2020,W,321314,169953,491267
2020,W,338121,180938,519059
2020,W,299874,158980,458854
2020,W,323062,167874,490936
2020,W,320186,169305,489491
2020,W,336911,173387,510298
2020,W,349664,182413,532077
2020,W,326242,164517,490759
2020,W,332474,168456,500930
2020,W,333595,171757,505352
2020,W,334365,174469,508834
2020,W,335842,183544,519386
2020,W,271925,145635,417560
2020,W,334145,170998,505143
2020,W,334911,172419,507330
2020,W,323424,172888,496312
2020,W,324544,178507,503051
2020,W,300842,158006,458848
2020,W,310091,163811,473902
2020,W,321256,167872,489128
2020,W,318012,168824,486836
2020,W,288787,166459,455246
2020,W,294204,155238,449442
2020,W,299100,158973,458073
2020,W,318538,165838,484376
2020,W,304342,165360,469702
2020,W,334559,172445,507004
2020,W,301558,154284,455842
2020,W,317723,149741,467464
2020,W,306904,151147,458051
2020,W,311836,158434,470270
2020,W,318896,167110,486006
2020,W,308098,157126,465224
2020,W,298502,153003,451505
2020,W,286362,147595,433957
2020,W,305497,158496,463993
2020,W,305354,159535,464889
2020,W,282290,140661,422951
2020,W,279757,140971,420728
2020,W,285245,143331,428576
2020,W,292548,148286,440834
2020,W,297292,149612,446904
2020,W,283365,138635,422000
2020,W,264500,135119,399619
2020,W,267787,131704,399491
2020,W,221878,106692,328570
2020,W,255801,130426,386227
2020,W,290906,138364,429270
2020,W,289930,137598,427528
2020,W,301357,142080,443437
2020,W,297160,144348,441508
2020,W,272363,133537,405900
2020,W,277139,137145,414284
2020,W,293699,143390,437089
2020,W,297368,144459,441827
2020,W,277727,138386,416113
2020,W,269583,135394,404977
2020,W,273075,137120,410195
2020,W,269375,138422,407797
2020,W,273791,139375,413166
2020,W,284841,144568,429409
2020,W,280892,137696,418588
2020,W,289292,140759,430051
2020,W,283137,138325,421462
2020,W,201261,92528,293789
2020,W,259552,125317,384869
2020,W,253437,128558,381995
2020,W,244219,126447,370666
2020,W,254787,114338,369125
2021,W,282862,132124,414986
2021,W,281724,134514,416238
2021,W,278317,136069,414386
2021,W,270340,135092,405432
2021,W,272827,137181,410008
2021,W,262355,129615,391970
2021,W,277882,136866,414748
2021,W,282529,140007,422536
2021,W,275747,137634,413381
2021,W,277928,139988,417916
2021,W,227108,113727,340835
2021,W,270497,137227,407724
2021,W,257638,131313,388951
2021,W,287899,144085,431984
2021,W,264517,138811,403328
2021,W,265782,135618,401400
2021,W,233767,127803,361570
2021,W,262570,138610,401180
2021,W,265152,140259,405411
2021,W,285439,148439,433878
2021,W,285366,145356,430722
2021,W,288369,146050,434419
2021,W,315672,152303,467975
2021,W,278515,147593,426108
2021,W,250369,139613,389982
2021,W,242899,128998,371897
2021,W,260772,137064,397836
2021,W,267271,141210,408481
2021,W,269772,146284,416056
2021,W,280767,149261,430028
2021,W,196912,118258,315170
2021,W,206197,114830,321027
2021,W,278930,149828,428758
2021,W,283168,155250,438418
2021,W,287852,156832,444684
2021,W,280331,146573,426904
2021,W,308822,157020,465842
2021,W,307300,156793,464093
2021,W,300304,157867,458171
2021,W,309217,164565,473782
2021,W,309106,149826,458932
2021,W,308998,156140,465138
2021,W,333410,163566,496976
2021,W,309302,159889,469191
2021,W,317629,167771,485400
2021,W,317267,159512,476779
2021,W,327340,164868,492208
2021,W,312074,161736,473810
2021,W,318121,165057,483178
2021,W,323199,172476,495675
2021,W,265818,144990,410808
2021,W,300583,158171,458754
2021,W,310656,165207,475863
2021,W,293346,160989,454335
2021,W,330666,178106,508772
2021,W,319333,164624,483957
2021,W,303876,159635,463511
2021,W,320929,168422,489351
2021,W,316190,168278,484468
2021,W,321386,175255,496641
2021,W,316586,165113,481699
2021,W,324218,170588,494806
2021,W,313521,168955,482476
2021,W,330414,178267,508681
2021,W,329144,180602,509746
2021,W,313426,166404,479830
2021,W,338664,181795,520459
2021,W,340512,181069,521581
2021,W,302569,171140,473709
2021,W,330542,186985,517527
2021,W,326192,170290,496482
2021,W,335197,179135,514332
2021,W,320689,173838,494527
2021,W,321850,179206,501056
2021,W,334144,199086,533230
2021,W,307407,165608,473015
2021,W,310048,170031,480079
2021,W,313705,173325,487030
2021,W,336610,187886,524496
2021,W,341811,203880,545691
2021,W,337128,176283,513411
2021,W,352388,193712,546100
2021,W,303689,172569,476258
2021,W,327089,184416,511505
2021,W,358329,207166,565495
2021,W,334667,174120,508787
2021,W,330540,183621,514161
2021,W,346837,193605,540442
2021,W,322453,187545,509998
2021,W,351011,212194,563205
2021,W,317899,175820,493719
2021,W,338523,189589,528112
2021,W,337223,193841,531064
2021,W,347914,205589,553503
2021,W,353950,222830,576780
2021,W,333150,190203,523353
2021,W,338267,195305,533572
2021,W,331674,198718,530392
2021,W,350455,215181,565636
2021,W,353721,226276,579997
2021,W,338290,196524,534814
2021,W,345371,205679,551050
2021,W,349319,208470,557789
2021,W,334991,208682,543673
2021,W,313635,217115,530750
2021,W,349451,221402,570853
2021,W,356620,222827,579447
2021,W,382161,231398,613559
2021,W,374475,244454,618929
2021,W,343982,202767,546749
2021,W,366854,222841,589695
2021,W,367755,231622,599377
2021,W,374697,246542,621239
2021,W,375533,271425,646958
2021,W,362267,227377,589644
2021,W,372531,238872,611403
2021,W,374362,242785,617147
2021,W,372186,247900,620086
2021,W,362823,272803,635626
2021,W,349781,237699,587480
2021,W,376511,256084,632595
2021,W,362682,239858,602540
2021,W,345186,240440,585626
2021,W,343853,251904,595757
2021,W,337566,218776,556342
2021,W,346254,229881,576135
2021,W,356837,237763,594600
2021,W,397781,257789,655570
2021,W,389185,254956,644141
2021,W,378230,255296,633526
2021,W,371601,261796,633397
2021,W,375578,276819,652397
2021,W,389894,302893,692787
2021,W,363268,237710,600978
2021,W,375230,250575,625805
2021,W,396163,262113,658276
2021,W,374072,261351,635423
2021,W,379552,280527,660079
2021,W,377772,248181,625953
2021,W,390578,264471,655049
2021,W,392548,274123,666671
2021,W,390531,275892,666423
2021,W,386289,298869,685158
2021,W,373206,260296,633502
2021,W,387327,279049,666376
2021,W,390425,298392,688817
2021,W,394751,362106,756857
2021,W,402364,362949,765313
2021,W,374987,259408,634395
2021,W,407869,267547,675416
2021,W,401665,271469,673134
2021,W,401248,283716,684964
2021,W,387894,313936,701830
2021,W,334547,240520,575067
2021,W,372961,264354,637315
2021,W,364185,258741,622926
2021,W,381061,280760,661821
2021,W,396567,277082,673649
2021,W,371748,246824,618572
2021,W,385106,259308,644414
2021,W,387316,265679,652995
2021,W,390171,274749,664920
2021,W,399149,298535,697684
2021,W,389873,263283,653156
2021,W,382748,259641,642389
2021,W,398464,278830,677294
2021,W,417416,287640,705056
2021,W,411406,302286,713692
2021,W,452128,283312,735440
2021,W,457408,294988,752396
2021,W,483883,302972,786855
2021,W,466988,316474,783462
2021,W,460822,332962,793784
2021,W,445989,291803,737792
2021,W,480111,320091,800202
2021,W,471953,326271,798224
2021,W,469400,355788,825188
2021,W,450527,296554,747081
2021,W,468812,311965,780777
2021,W,472623,329295,801918
2021,W,467659,365090,832749
2021,W,469512,377373,846885
2021,W,443252,298947,742199
2021,W,452211,319330,771541
2021,W,450883,322522,773405
2021,W,464140,327671,791811
2021,W,463710,365392,829102
2021,W,458134,298532,756666
2021,W,474767,315354,790121
2021,W,471319,323001,794320
2021,W,469820,326450,796270
2021,W,486451,343048,829499
2021,W,453108,297717,750825
2021,W,469691,317319,787010
2021,W,474666,317494,792160
2021,W,447936,323569,771505
2021,W,461163,348740,809903
2021,W,335704,269043,604747
2021,W,469702,337547,807249
2021,W,456836,323735,780571
2021,W,466987,336464,803451
2021,W,456194,338278,794472
2021,W,447658,303246,750904
2021,W,467179,323286,790465
2021,W,470815,323794,794609
2021,W,449160,330258,779418
2021,W,446072,328904,774976
2021,W,384314,270031,654345
2021,W,476997,320974,797971
2021,W,475784,327121,802905
2021,W,447442,328865,776307
2021,W,407815,307878,715693
2021,W,452937,300996,753933
2021,W,463908,319122,783030
2021,W,481029,327770,808799
2021,W,463508,333562,797070
2021,W,403870,312819,716689
2021,W,458387,305403,763790
2021,W,465479,324645,790124
2021,W,474682,332506,807188
2021,W,349696,286823,636519
2021,W,381722,302454,684176
2021,W,427781,292876,720657
2021,W,463846,321135,784981
2021,W,436216,311717,747933
2021,W,413008,315161,728169
2021,W,443247,337202,780449
2021,W,428156,288075,716231
2021,W,437577,300261,737838
2021,W,359261,257882,617143
2021,W,257700,189694,447394
2021,W,421322,276090,697412
2021,W,450230,302349,752579
2021,W,464613,309075,773688
2021,W,466625,323958,790583
2021,W,460247,320326,780573
2021,W,419783,278439,698222
2021,W,412108,287065,699173
2021,W,440298,300242,740540
2021,W,441609,310636,752245
2021,W,425279,297443,722722
2021,W,425654,272016,697670
2021,W,443484,293750,737234
2021,W,441500,299691,741191
2021,W,424823,297427,722250
2021,W,405415,282060,687475
2021,W,346355,235596,581951
2021,W,343757,224928,568685
2021,W,314359,209334,523693
2021,W,311895,192858,504753
2021,W,276748,170801,447549
2021,W,267102,174336,441438
2021,W,294413,191745,486158
2021,W,295024,194851,489875
2022,W,308893,184727,493620
2022,W,343163,202963,546126
2022,W,261752,177105,438857
2022,W,256983,175465,432448
2022,W,246042,172216,418258
2022,W,273785,175964,449749
2022,W,299534,190644,490178
2022,W,364308,214250,578558
2022,W,364235,218508,582743
2022,W,355305,224098,579403
2022,W,247901,160202,408103
2022,W,394532,239770,634302
2022,W,373531,235997,609528
2022,W,343001,227670,570671
2022,W,360918,227754,588672
2022,W,352311,235351,587662
2022,W,352155,234112,586267
2022,W,313683,215518,529201
2022,W,388880,254620,643500
2022,W,310477,229809,540286
2022,W,405219,253283,658502
2022,W,438309,273732,712041
2022,W,252363,189573,441936
2022,W,342011,232018,574029
2022,W,391793,263572,655365
2022,W,405768,257867,663635
2022,W,431086,280312,711398
2022,W,433494,283336,716830
2022,W,426111,284248,710359
2022,W,413489,269373,682862
2022,W,400492,260703,661195
2022,W,434683,282736,717419
2022,W,436057,286506,722563
2022,W,365062,260175,625237
2022,W,383850,268927,652777
2022,W,330376,219366,549742
2022,W,402852,275702,678554
2022,W,434639,288569,723208
2022,W,417551,290246,707797
2022,W,411882,278287,690169
2022,W,437269,272433,709702
2022,W,471547,297951,769498
2022,W,461679,304639,766318
2022,W,450905,301344,752249
2022,W,437164,288975,726139
2022,W,399383,261592,660975
2022,W,464441,303631,768072
2022,W,466984,310336,777320
2022,W,444721,310435,755156
2022,W,422764,294476,717240
2022,W,448558,294168,742726
2022,W,463215,322609,785824
2022,W,479823,333597,813420
2022,W,463068,336933,800001
2022,W,404540,292739,697279
2022,W,459452,286077,745529
2022,W,432916,290803,723719
2022,W,411053,285528,696581
2022,W,452116,279960,732076
2022,W,431829,290569,722398
2022,W,443113,283316,726429
2022,W,459127,310432,769559
2022,W,425844,299471,725315
2022,W,446918,313624,760542
2022,W,484903,314610,799513
2022,W,457452,291019,748471
2022,W,482775,326164,808939
2022,W,470573,327753,798326
2022,W,468788,346853,815641
2022,W,398017,301320,699337
2022,W,388543,276040,664583
2022,W,426444,323042,749486
2022,W,375870,290641,666511
2022,W,408379,316347,724726
2022,W,367610,276605,644215
2022,W,416359,279342,695701
2022,W,461501,324667,786168
2022,W,453943,322677,776620
2022,W,455139,339779,794918
2022,W,414144,295319,709463
2022,W,454532,293934,748466
2022,W,476474,323321,799795
2022,W,473316,325530,798846
2022,W,461751,329024,790775
2022,W,472802,324138,796940
2022,W,456676,288292,744968
2022,W,427088,304189,731277
2022,W,500429,344233,844662
2022,W,464544,329241,793785
2022,W,429700,298387,728087
2022,W,456324,296458,752782
2022,W,487603,334899,822502
2022,W,481802,332548,814350
2022,W,475308,345676,820984
2022,W,470223,332657,802880
2022,W,460986,304494,765480
2022,W,479630,337079,816709
2022,W,452731,322841,775572
2022,W,486489,351429,837918
2022,W,458078,321127,779205
2022,W,456515,297901,754416
2022,W,484351,336010,820361
2022,W,461780,319883,781663
2022,W,467853,332069,799922
2022,W,435553,299737,735290
2022,W,468550,326376,794926
2022,W,496766,346924,843690
2022,W,492400,355544,847944
2022,W,494862,353934,848796
2022,W,437910,291922,729832
2022,W,492774,348945,841719
2022,W,454093,328980,783073
2022,W,488146,359630,847776
2022,W,450488,327910,778398
2022,W,433682,306621,740303
2022,W,467146,345831,812977
2022,W,435538,338852,774390
2022,W,441821,351622,793443
2022,W,438575,356445,795020
2022,W,365955,257700,623655
2022,W,427588,321100,748688
2022,W,444712,335641,780353
2022,W,442860,345391,788251
2022,W,429666,353308,782974
2022,W,416606,298347,714953
2022,W,445097,348827,793924
2022,W,448310,350300,798610
2022,W,434307,354302,788609
2022,W,427111,319073,746184
2022,W,400714,283797,684511
2022,W,438241,315347,753588
2022,W,444168,331132,775300
2022,W,414527,323371,737898
2022,W,411177,289480,700657
2022,W,460573,351612,812185
2022,W,462243,357923,820166
2022,W,459272,364927,824199
2022,W,385035,307877,692912
2022,W,432780,299248,732028
2022,W,453338,335621,788959
2022,W,455439,338205,793644
2022,W,445763,342598,788361
2022,W,426586,323821,750407
2022,W,423680,314719,738399
2022,W,460649,352662,813311
2022,W,446320,340006,786326
2022,W,448728,380517,829245
2022,W,430804,378849,809653
